기간	자치구	동	합계	합계	합계	장애유형	장애유형	장애유형	장애유형	장애유형	장애유형	장애유형	장애유형	장애유형	장애유형	장애유형	장애유형	장애유형	장애유형	장애유형	장애유형	장애유형	장애유형	장애유형	장애유형	장애유형	장애유형	장애유형	장애유형	장애유형	장애유형	장애유형	장애유형	장애유형	장애유형	장애유형	장애유형	장애유형	장애유형	장애유형	장애유형	장애유형	장애유형	장애유형	장애유형	장애유형	장애유형	장애유형	장애유형	장애유형
기간	자치구	동	합계	합계	합계	지체	지체	지체	뇌병변	뇌병변	뇌병변	시각	시각	시각	청각	청각	청각	언어	언어	언어	지적장애	지적장애	지적장애	자폐성	자폐성	자폐성	정신장애	정신장애	정신장애	신장장애	신장장애	신장장애	심장장애	심장장애	심장장애	호흡기	호흡기	호흡기	간	간	간	안면	안면	안면	장루요루	장루요루	장루요루	뇌전증	뇌전증	뇌전증
기간	자치구	동	계	남자	여자	계	남자	여자	계	남자	여자	계	남자	여자	계	남자	여자	계	남자	여자	계	남자	여자	계	남자	여자	계	남자	여자	계	남자	여자	계	남자	여자	계	남자	여자	계	남자	여자	계	남자	여자	계	남자	여자	계	남자	여자
2018	합계	합계	392,920	227,910	165,010	180,610	101,809	78,801	41,801	24,816	16,985	41,900	25,320	16,580	50,306	27,769	22,537	3,233	2,346	887	26,231	16,119	10,112	5,798	4,931	867	16,365	8,452	7,913	16,625	9,761	6,864	1,076	690	386	2,130	1,571	559	2,417	1,685	732	387	215	172	2,799	1,747	1,052	1,242	679	563
2018	종로구	소계	6,017	3,493	2,524	2,750	1,479	1,271	572	358	214	727	462	265	810	461	349	42	32	10	375	222	153	109	89	20	260	152	108	233	150	83	16	8	8	23	18	5	43	31	12	6	3	3	34	21	13	17	7	10
2018	종로구	사직동	309	180	129	140	77	63	44	24	20	38	23	15	29	15	14	1	1	-	14	8	6	10	8	2	13	9	4	11	9	2	2	1	1	2	1	1	2	2	-	-	-	-	2	2	-	1	-	1
2018	종로구	삼청동	118	64	54	49	27	22	16	8	8	13	8	5	19	7	12	-	-	-	3	1	2	1	1	-	9	4	5	6	6	-	-	-	-	1	1	-	1	1	-	-	-	-	-	-	-	-	-	-
2018	종로구	부암동	325	187	138	123	63	60	27	20	7	40	25	15	53	31	22	2	2	-	25	14	11	8	7	1	21	11	10	13	8	5	1	1	-	1	-	1	4	2	2	1	-	1	5	3	2	1	-	1
2018	종로구	평창동	542	296	246	241	128	113	55	32	23	70	37	33	80	37	43	5	2	3	34	21	13	12	11	1	12	4	8	21	16	5	-	-	-	3	2	1	5	3	2	-	-	-	3	2	1	1	1	-
2018	종로구	무악동	318	177	141	126	62	64	24	16	8	39	25	14	53	27	26	5	5	-	25	13	12	10	6	4	14	10	4	13	7	6	3	2	1	3	2	1	2	1	1	-	-	-	1	1	-	-	-	-
2018	종로구	교남동	354	191	163	174	89	85	36	18	18	28	16	12	52	25	27	3	2	1	19	11	8	10	9	1	11	7	4	14	9	5	-	-	-	2	2	-	4	2	2	-	-	-	-	-	-	1	1	-
2018	종로구	가회동	175	91	84	77	39	38	21	8	13	15	8	7	23	15	8	-	-	-	19	8	11	4	4	-	8	5	3	7	4	3	-	-	-	-	-	-	-	-	-	-	-	-	-	-	-	1	-	1
2018	종로구	종로1.2.3.4가동	379	270	109	159	107	52	46	38	8	42	31	11	57	39	18	-	-	-	20	14	6	2	2	-	30	24	6	15	11	4	1	1	-	-	-	-	1	1	-	1	1	-	3	1	2	2	-	2
2018	종로구	종로5·6가동	266	170	96	135	81	54	21	14	7	29	21	8	27	20	7	-	-	-	16	11	5	3	2	1	16	8	8	10	8	2	1	-	1	-	-	-	3	2	1	-	-	-	3	2	1	2	1	1
2018	종로구	이화동	330	176	154	161	80	81	35	19	16	38	24	14	40	20	20	1	1	-	24	14	10	3	2	1	8	3	5	10	6	4	2	-	2	1	1	-	5	4	1	-	-	-	1	1	-	1	1	-
2018	종로구	창신1동	319	195	124	161	96	65	27	18	9	32	20	12	42	28	14	3	1	2	21	13	8	-	-	-	12	5	7	15	10	5	-	-	-	1	1	-	1	1	-	-	-	-	3	1	2	1	1	-
2018	종로구	창신2동	484	279	205	252	128	124	40	26	14	63	41	22	48	30	18	4	3	1	30	16	14	2	2	-	30	23	7	6	4	2	-	-	-	2	2	-	1	1	-	1	-	1	2	1	1	3	2	1
2018	종로구	창신3동	318	172	146	178	89	89	23	13	10	28	17	11	31	19	12	5	4	1	18	10	8	5	4	1	11	6	5	13	7	6	2	1	1	-	-	-	2	1	1	-	-	-	2	1	1	-	-	-
2018	종로구	숭인1동	275	149	126	140	72	68	25	18	7	26	14	12	37	21	16	1	1	-	18	10	8	3	1	2	9	3	6	12	7	5	-	-	-	-	-	-	2	1	1	-	-	-	1	1	-	1	-	1
2018	종로구	숭인2동	433	282	151	211	127	84	41	25	16	53	40	13	45	32	13	5	5	-	22	17	5	6	5	1	19	10	9	21	13	8	1	1	-	3	3	-	1	1	-	2	2	-	2	1	1	1	-	1
2018	종로구	청운효자동	500	268	232	164	78	86	34	20	14	119	76	43	90	43	47	4	2	2	33	16	17	13	12	1	10	4	6	20	8	12	1	-	1	1	1	-	5	4	1	1	-	1	5	4	1	-	-	-
2018	종로구	혜화동	571	345	226	259	136	123	57	41	16	54	36	18	84	52	32	3	3	-	34	25	9	17	13	4	26	15	11	26	17	9	2	1	1	3	2	1	4	4	-	-	-	-	1	-	1	1	-	1
2018	종로구	기타	1	1	-	-	-	-	-	-	-	-	-	-	-	-	-	-	-	-	-	-	-	-	-	-	1	1	-	-	-	-	-	-	-	-	-	-	-	-	-	-	-	-	-	-	-	-	-	-
2018	중구	소계	5,638	3,265	2,373	2,651	1,434	1,217	549	357	192	728	452	276	735	422	313	31	23	8	311	184	127	62	50	12	218	129	89	218	119	99	12	9	3	24	21	3	31	23	8	6	2	4	37	24	13	25	16	9
2018	중구	소공동	31	20	11	12	9	3	1	1	-	5	3	2	7	3	4	-	-	-	2	1	1	2	2	-	1	1	-	1	-	1	-	-	-	-	-	-	-	-	-	-	-	-	-	-	-	-	-	-
2018	중구	회현동	329	220	109	131	76	55	38	32	6	78	55	23	26	17	9	2	2	-	21	15	6	1	1	-	17	12	5	5	4	1	-	-	-	1	1	-	2	1	1	-	-	-	4	2	2	3	2	1
2018	중구	명동	126	68	58	60	31	29	6	4	2	23	16	7	18	5	13	-	-	-	6	3	3	2	2	-	5	3	2	5	4	1	-	-	-	-	-	-	-	-	-	-	-	-	1	-	1	-	-	-
2018	중구	필동	186	116	70	81	55	26	18	12	6	34	21	13	19	11	8	-	-	-	9	5	4	-	-	-	8	5	3	6	2	4	-	-	-	2	2	-	2	1	1	3	1	2	2	-	2	2	1	1
2018	중구	장충동	194	105	89	89	41	48	30	18	12	21	14	7	29	18	11	3	1	2	10	6	4	1	1	-	4	-	4	4	3	1	-	-	-	1	1	-	1	1	-	-	-	-	1	1	-	-	-	-
2018	중구	광희동	231	144	87	122	76	46	22	16	6	28	18	10	23	10	13	1	-	1	12	7	5	2	1	1	5	2	3	10	10	-	-	-	-	2	1	1	2	2	-	-	-	-	1	-	1	1	1	-
2018	중구	을지로동	88	64	24	43	33	10	9	6	3	14	8	6	10	8	2	1	1	-	-	-	-	-	-	-	5	4	1	4	2	2	-	-	-	1	1	-	1	1	-	-	-	-	-	-	-	-	-	-
2018	중구	신당5동	450	268	182	225	121	104	36	27	9	51	36	15	57	33	24	4	4	-	27	16	11	7	6	1	18	11	7	16	7	9	-	-	-	4	3	1	-	-	-	-	-	-	1	1	-	4	3	1
2018	중구	황학동	514	310	204	253	138	115	56	42	14	55	40	15	65	36	29	1	1	-	25	15	10	4	4	-	14	9	5	24	12	12	3	1	2	3	3	-	3	2	1	-	-	-	7	6	1	1	1	-
2018	중구	중림동	531	322	209	232	137	95	51	28	23	75	43	32	69	44	25	3	1	2	30	20	10	5	3	2	32	20	12	23	17	6	-	-	-	2	2	-	2	1	1	-	-	-	4	4	-	3	2	1
2018	중구	신당동	380	240	140	178	106	72	47	34	13	46	32	14	40	27	13	2	2	-	27	15	12	4	3	1	16	11	5	16	8	8	-	-	-	1	1	-	1	-	1	-	-	-	1	1	-	1	-	1
2018	중구	다산동	633	333	300	323	164	159	39	21	18	76	45	31	97	49	48	4	3	1	30	17	13	8	8	-	21	7	14	23	10	13	2	1	1	1	1	-	5	4	1	-	-	-	2	1	1	2	2	-
2018	중구	약수동	875	464	411	399	198	201	90	49	41	112	58	54	129	74	55	1	-	1	49	27	22	7	6	1	32	19	13	34	15	19	4	4	-	3	3	-	5	5	-	2	1	1	6	4	2	2	1	1
2018	중구	청구동	638	367	271	294	161	133	54	36	18	71	38	33	90	54	36	6	6	-	39	23	16	10	8	2	28	18	10	33	17	16	1	1	-	-	-	-	4	2	2	1	-	1	4	2	2	3	1	2
2018	중구	동화동	432	224	208	209	88	121	52	31	21	39	25	14	56	33	23	3	2	1	24	14	10	9	5	4	12	7	5	14	8	6	2	2	-	3	2	1	3	3	-	-	-	-	3	2	1	3	2	1
2018	용산구	소계	8,102	4,668	3,434	3,657	1,984	1,673	831	500	331	999	614	385	1,079	587	492	69	48	21	518	329	189	104	82	22	291	154	137	342	217	125	19	12	7	46	37	9	62	48	14	7	5	2	60	42	18	18	9	9
2018	용산구	후암동	807	447	360	344	172	172	99	61	38	94	57	37	98	52	46	6	4	2	69	45	24	10	5	5	34	14	20	30	19	11	1	-	1	7	5	2	4	4	-	1	1	-	4	4	-	6	4	2
2018	용산구	용산2가동	488	282	206	233	125	108	51	33	18	56	37	19	63	36	27	3	3	-	38	20	18	2	2	-	18	9	9	13	8	5	1	-	1	3	3	-	3	3	-	-	-	-	4	3	1	-	-	-
2018	용산구	남영동	575	454	121	246	189	57	61	47	14	79	68	11	61	51	10	5	4	1	42	30	12	5	4	1	42	32	10	19	14	5	1	1	-	8	8	-	1	1	-	-	-	-	2	2	-	3	3	-
2018	용산구	원효로2동	496	280	216	207	109	98	57	32	25	65	38	27	77	47	30	4	4	-	28	15	13	4	3	1	16	7	9	22	15	7	1	-	1	2	2	-	7	4	3	-	-	-	6	4	2	-	-	-
2018	용산구	효창동	307	158	149	138	63	75	34	19	15	41	19	22	43	21	22	1	-	1	16	12	4	6	6	-	4	2	2	15	10	5	1	1	-	-	-	-	3	3	-	1	1	-	3	1	2	1	-	1
2018	용산구	용문동	475	244	231	208	110	98	48	28	20	51	25	26	78	31	47	6	2	4	34	19	15	7	5	2	15	7	8	19	9	10	3	3	-	2	1	1	2	2	-	-	-	-	2	2	-	-	-	-
2018	용산구	이촌1동	538	310	228	223	113	110	61	34	27	56	35	21	81	51	30	7	5	2	30	22	8	18	13	5	12	3	9	32	23	9	2	-	2	4	3	1	4	3	1	2	1	1	6	4	2	-	-	-
2018	용산구	이촌2동	378	213	165	180	102	78	37	16	21	38	19	19	50	24	26	2	2	-	26	18	8	6	4	2	12	9	3	18	12	6	-	-	-	3	2	1	3	3	-	-	-	-	2	2	-	1	-	1
2018	용산구	이태원1동	236	132	104	105	56	49	27	13	14	21	14	7	35	20	15	2	2	-	13	10	3	5	4	1	13	7	6	6	-	6	2	2	-	1	1	-	-	-	-	-	-	-	5	3	2	1	-	1
2018	용산구	이태원2동	337	191	146	165	88	77	25	16	9	41	24	17	44	21	23	1	-	1	22	11	11	2	1	1	8	5	3	18	14	4	1	1	-	3	3	-	4	4	-	-	-	-	2	2	-	1	1	-
2018	용산구	서빙고동	408	217	191	184	89	95	36	20	16	37	21	16	64	36	28	5	2	3	32	18	14	7	7	-	10	6	4	23	13	10	1	-	1	1	-	1	2	1	1	-	-	-	4	3	1	2	1	1
2018	용산구	보광동	626	327	299	282	137	145	61	30	31	84	45	39	81	37	44	7	6	1	29	19	10	2	2	-	23	10	13	33	21	12	3	3	-	2	2	-	9	8	1	1	1	-	9	6	3	-	-	-
2018	용산구	청파동	824	495	329	356	203	153	77	52	25	125	82	43	112	54	58	4	3	1	63	40	23	10	10	-	34	21	13	32	22	10	-	-	-	3	2	1	4	3	1	1	1	-	2	2	-	1	-	1
2018	용산구	원효로1동	444	255	189	209	113	96	46	31	15	62	38	24	52	32	20	5	3	2	19	11	8	7	5	2	16	6	10	20	10	10	-	-	-	1	1	-	5	4	1	-	-	-	2	1	1	-	-	-
2018	용산구	한강로동	519	311	208	244	135	109	51	33	18	76	49	27	72	40	32	7	6	1	23	17	6	8	7	1	14	8	6	16	12	4	2	1	1	1	1	-	2	1	1	-	-	-	2	1	1	1	-	1
2018	용산구	한남동	644	352	292	333	180	153	60	35	25	73	43	30	68	34	34	4	2	2	34	22	12	5	4	1	20	8	12	26	15	11	-	-	-	5	3	2	9	4	5	1	-	1	5	2	3	1	-	1
2018	성동구	소계	11,880	6,874	5,006	5,693	3,178	2,515	1,273	783	490	1,207	706	501	1,480	794	686	108	82	26	687	426	261	163	140	23	449	249	200	465	268	197	38	28	10	98	76	22	80	57	23	14	7	7	87	56	31	38	24	14
2018	성동구	왕십리2동	678	372	306	315	155	160	71	42	29	72	40	32	88	46	42	13	12	1	38	22	16	16	14	2	18	11	7	26	14	12	-	-	-	11	9	2	3	3	-	1	-	1	2	2	-	4	2	2
2018	성동구	마장동	1,096	654	442	554	324	230	122	78	44	97	57	40	116	64	52	8	6	2	70	40	30	26	25	1	39	20	19	38	20	18	3	3	-	4	3	1	7	6	1	3	2	1	5	3	2	4	3	1
2018	성동구	사근동	395	221	174	217	110	107	46	28	18	39	31	8	35	17	18	4	4	-	16	7	9	3	2	1	10	3	7	13	9	4	1	1	-	5	5	-	5	4	1	-	-	-	1	-	1	-	-	-
2018	성동구	행당1동	638	375	263	292	164	128	63	39	24	61	35	26	89	48	41	4	3	1	43	27	16	13	11	2	15	7	8	29	18	11	4	4	-	9	7	2	5	4	1	1	1	-	7	4	3	3	3	-
2018	성동구	행당2동	890	487	403	404	218	186	109	65	44	106	56	50	104	50	54	13	8	5	42	25	17	11	7	4	35	16	19	31	17	14	6	5	1	11	9	2	5	2	3	2	1	1	7	6	1	4	2	2
2018	성동구	응봉동	528	292	236	242	120	122	52	29	23	53	29	24	88	50	38	7	5	2	29	20	9	9	9	-	13	7	6	22	15	7	4	2	2	2	2	-	2	-	2	-	-	-	5	4	1	-	-	-
2018	성동구	금호1가동	661	355	306	310	160	150	74	43	31	72	39	33	85	43	42	3	1	2	38	21	17	5	5	-	24	12	12	28	17	11	3	3	-	4	2	2	4	3	1	-	-	-	8	4	4	3	2	1
2018	성동구	금호4가동	521	299	222	241	128	113	50	33	17	56	36	20	69	36	33	3	2	1	38	25	13	8	7	1	16	6	10	23	17	6	3	1	2	6	4	2	1	-	1	2	1	1	1	-	1	4	3	1
2018	성동구	성수1가1동	617	377	240	295	179	116	57	37	20	70	42	28	76	40	36	4	4	-	46	33	13	6	5	1	18	12	6	25	12	13	1	-	1	8	5	3	5	5	-	-	-	-	4	3	1	2	-	2
2018	성동구	성수1가2동	578	320	258	290	169	121	64	34	30	48	29	19	83	40	43	4	2	2	27	15	12	5	4	1	18	6	12	23	13	10	-	-	-	5	3	2	2	2	-	-	-	-	8	3	5	1	-	1
2018	성동구	성수2가1동	840	524	316	419	271	148	74	43	31	86	50	36	100	57	43	8	6	2	53	35	18	10	6	4	29	13	16	31	14	17	3	3	-	6	6	-	9	8	1	1	1	-	9	9	-	2	2	-
2018	성동구	성수2가3동	448	273	175	208	119	89	51	38	13	46	31	15	57	28	29	8	5	3	28	18	10	7	7	-	12	7	5	19	13	6	3	1	2	1	1	-	5	3	2	-	-	-	3	2	1	-	-	-
2018	성동구	송정동	523	309	214	268	152	116	46	27	19	51	26	25	62	43	19	5	5	-	31	20	11	2	2	-	20	10	10	27	17	10	-	-	-	4	4	-	2	1	1	-	-	-	2	1	1	3	1	2
2018	성동구	용답동	793	511	282	371	216	155	75	54	21	72	46	26	87	54	33	6	4	2	42	30	12	5	4	1	79	65	14	36	22	14	2	2	-	7	5	2	5	4	1	-	-	-	5	4	1	1	1	-
2018	성동구	왕십리도선동	993	568	425	438	239	199	134	79	55	120	73	47	127	74	53	9	7	2	56	33	23	15	14	1	44	21	23	29	16	13	2	1	1	3	3	-	3	2	1	2	-	2	7	3	4	4	3	1
2018	성동구	금호2.3가동	955	530	425	482	253	229	94	61	33	88	51	37	133	68	65	6	5	1	54	34	20	10	9	1	27	14	13	37	22	15	-	-	-	5	4	1	9	4	5	2	1	1	7	4	3	1	-	1
2018	성동구	옥수동	726	407	319	347	201	146	91	53	38	70	35	35	81	36	45	3	3	-	36	21	15	12	9	3	32	19	13	28	12	16	3	2	1	7	4	3	8	6	2	-	-	-	6	4	2	2	2	-
2018	광진구	소계	12,610	7,337	5,273	5,906	3,347	2,559	1,307	764	543	1,343	838	505	1,521	855	666	103	77	26	804	477	327	162	137	25	536	271	265	582	324	258	36	26	10	68	51	17	77	56	21	10	5	5	107	79	28	48	30	18
2018	광진구	화양동	549	322	227	276	146	130	53	27	26	72	48	24	65	45	20	3	1	2	25	16	9	9	9	-	18	11	7	20	13	7	1	1	-	1	1	-	1	-	1	-	-	-	5	4	1	-	-	-
2018	광진구	군자동	790	453	337	362	201	161	83	50	33	79	50	29	89	48	41	9	7	2	62	30	32	5	4	1	39	25	14	42	22	20	-	-	-	6	6	-	3	3	-	-	-	-	7	4	3	4	3	1
2018	광진구	중곡1동	686	399	287	326	189	137	66	38	28	69	41	28	81	48	33	8	6	2	38	20	18	6	6	-	45	23	22	30	19	11	3	2	1	5	4	1	2	-	2	1	-	1	4	2	2	2	1	1
2018	광진구	중곡2동	884	519	365	414	232	182	79	48	31	94	55	39	120	75	45	5	1	4	50	31	19	11	8	3	48	25	23	44	28	16	-	-	-	5	5	-	4	3	1	-	-	-	7	7	-	3	1	2
2018	광진구	중곡3동	775	468	307	371	205	166	74	46	28	83	57	26	85	52	33	8	7	1	49	29	20	6	6	-	44	28	16	35	19	16	5	4	1	3	3	-	5	5	-	1	1	-	5	5	-	1	1	-
2018	광진구	중곡4동	1,374	790	584	648	362	286	132	81	51	142	85	57	163	92	71	16	11	5	89	51	38	17	16	1	72	30	42	52	28	24	5	5	-	6	4	2	10	9	1	2	1	1	12	10	2	8	5	3
2018	광진구	능동	366	222	144	172	101	71	40	22	18	43	29	14	42	25	17	2	2	-	25	17	8	3	1	2	15	11	4	14	7	7	1	1	-	1	-	1	-	-	-	-	-	-	6	4	2	2	2	-
2018	광진구	구의1동	833	485	348	392	230	162	89	53	36	103	70	33	101	49	52	5	3	2	47	29	18	8	5	3	32	19	13	39	18	21	2	1	1	5	3	2	2	-	2	1	1	-	3	1	2	4	3	1
2018	광진구	구의2동	1,131	685	446	512	303	209	125	76	49	130	90	40	139	84	55	7	6	1	68	39	29	14	13	1	39	18	21	57	28	29	7	5	2	7	7	-	8	5	3	1	1	-	9	5	4	8	5	3
2018	광진구	구의3동	818	438	380	385	210	175	92	49	43	68	31	37	110	55	55	7	6	1	62	35	27	20	15	5	18	8	10	33	15	18	2	2	-	2	-	2	6	4	2	1	1	-	10	5	5	2	2	-
2018	광진구	광장동	731	436	295	326	180	146	84	44	40	84	63	21	76	40	36	6	6	-	55	40	15	14	12	2	25	11	14	33	17	16	2	1	1	3	3	-	13	11	2	-	-	-	9	8	1	1	-	1
2018	광진구	자양1동	902	517	385	433	247	186	90	53	37	107	62	45	102	56	46	5	4	1	53	30	23	10	10	-	34	13	21	43	27	16	4	1	3	6	2	4	3	3	-	1	-	1	5	5	-	6	4	2
2018	광진구	자양2동	975	570	405	453	275	178	109	65	44	87	52	35	122	62	60	6	4	2	79	44	35	17	14	3	36	18	18	35	18	17	1	1	-	11	7	4	8	5	3	1	-	1	6	4	2	4	1	3
2018	광진구	자양3동	867	496	371	370	208	162	104	60	44	88	44	44	127	64	63	10	7	3	49	36	13	20	16	4	23	8	15	51	34	17	3	2	1	4	4	-	7	4	3	-	-	-	10	8	2	1	1	-
2018	광진구	자양4동	929	537	392	466	258	208	87	52	35	94	61	33	99	60	39	6	6	-	53	30	23	2	2	-	48	23	25	54	31	23	-	-	-	3	2	1	5	4	1	1	-	1	9	7	2	2	1	1
2018	동대문구	소계	15,838	9,215	6,623	7,761	4,340	3,421	1,679	997	682	1,547	981	566	2,061	1,156	905	114	87	27	868	561	307	143	119	24	653	340	313	605	360	245	46	33	13	88	70	18	98	62	36	19	9	10	102	67	35	54	33	21
2018	동대문구	회기동	313	178	135	133	70	63	39	28	11	26	15	11	54	30	24	-	-	-	16	7	9	5	4	1	13	5	8	18	12	6	-	-	-	5	4	1	-	-	-	-	-	-	3	3	-	1	-	1
2018	동대문구	휘경1동	601	340	261	299	167	132	63	32	31	63	43	20	67	39	28	5	1	4	31	22	9	6	4	2	28	12	16	25	12	13	1	1	-	2	2	-	4	1	3	1	-	1	5	3	2	1	1	-
2018	동대문구	휘경2동	901	497	404	432	229	203	111	62	49	96	62	34	112	58	54	6	4	2	49	31	18	12	11	1	26	11	15	38	15	23	3	2	1	4	4	-	3	3	-	2	1	1	4	2	2	3	2	1
2018	동대문구	청량리동	1,374	810	564	665	364	301	133	86	47	143	91	52	187	105	82	12	9	3	68	49	19	11	7	4	59	31	28	58	43	15	3	1	2	8	7	1	8	5	3	4	2	2	11	6	5	4	4	-
2018	동대문구	용신동	1,442	857	585	735	429	306	157	102	55	124	81	43	201	109	92	10	5	5	67	45	22	9	7	2	65	34	31	46	26	20	2	2	-	7	6	1	9	5	4	1	1	-	6	3	3	3	2	1
2018	동대문구	제기동	1,329	752	577	639	334	305	137	89	48	141	90	51	198	109	89	8	7	1	64	39	25	5	4	1	54	23	31	49	34	15	6	4	2	4	3	1	5	3	2	1	-	1	9	5	4	9	8	1
2018	동대문구	전농1동	1,526	905	621	747	421	326	146	87	59	150	100	50	210	120	90	10	7	3	95	63	32	12	11	1	70	44	26	48	26	22	3	2	1	6	5	1	9	5	4	1	1	-	12	8	4	7	5	2
2018	동대문구	전농2동	891	495	396	450	243	207	93	51	42	79	45	34	120	69	51	8	8	-	54	32	22	7	6	1	28	11	17	39	23	16	2	1	1	1	-	1	4	2	2	-	-	-	3	3	-	3	1	2
2018	동대문구	답십리1동	1,045	582	463	488	259	229	114	61	53	119	76	43	136	76	60	8	5	3	52	34	18	12	11	1	47	26	21	33	15	18	6	5	1	7	5	2	10	5	5	3	1	2	5	2	3	5	1	4
2018	동대문구	답십리2동	1,408	817	591	690	380	310	128	75	53	151	93	58	190	109	81	10	9	1	78	51	27	16	14	2	53	26	27	54	34	20	6	4	2	13	8	5	10	8	2	-	-	-	8	6	2	1	-	1
2018	동대문구	장안1동	1,653	1,000	653	830	499	331	175	94	81	146	90	56	188	112	76	12	11	1	90	56	34	20	18	2	80	47	33	71	46	25	5	4	1	11	9	2	8	5	3	1	-	1	9	7	2	7	2	5
2018	동대문구	장안2동	1,266	760	506	629	365	264	149	90	59	102	67	35	137	77	60	10	8	2	85	54	31	12	9	3	46	29	17	55	32	23	2	2	-	11	11	-	14	8	6	1	1	-	9	4	5	4	3	1
2018	동대문구	이문1동	1,059	637	422	507	290	217	123	82	41	105	65	40	133	78	55	9	7	2	57	41	16	7	6	1	41	18	23	43	25	18	4	4	-	7	4	3	6	5	1	2	-	2	11	8	3	4	4	-
2018	동대문구	이문2동	1,030	585	445	517	290	227	111	58	53	102	63	39	128	65	63	6	6	-	62	37	25	9	7	2	43	23	20	28	17	11	3	1	2	2	2	-	8	7	1	2	2	-	7	7	-	2	-	2
2018	중랑구	소계	20,153	11,675	8,478	9,993	5,644	4,349	2,095	1,255	840	2,060	1,223	837	2,224	1,241	983	159	117	42	1,261	793	468	207	177	30	860	459	401	783	454	329	58	37	21	126	90	36	87	50	37	18	8	10	147	92	55	75	35	40
2018	중랑구	면목2동	1,280	746	534	665	375	290	110	71	39	125	72	53	144	86	58	10	5	5	86	54	32	16	14	2	49	27	22	49	26	23	2	1	1	9	7	2	7	4	3	-	-	-	7	4	3	1	-	1
2018	중랑구	면목4동	1,242	740	502	589	347	242	121	78	43	111	67	44	160	87	73	10	5	5	78	47	31	17	15	2	84	48	36	41	24	17	6	3	3	9	6	3	4	3	1	1	1	-	6	5	1	5	4	1
2018	중랑구	면목5동	517	323	194	255	150	105	51	34	17	50	35	15	59	33	26	5	5	-	28	19	9	4	3	1	34	22	12	15	10	5	-	-	-	4	4	-	1	1	-	1	1	-	7	5	2	3	1	2
2018	중랑구	면목7동	1,053	596	457	533	297	236	99	59	40	125	66	59	128	81	47	12	10	2	57	29	28	11	11	-	40	18	22	27	14	13	2	1	1	1	1	-	5	3	2	-	-	-	10	6	4	3	-	3
2018	중랑구	상봉1동	1,403	806	597	651	380	271	149	91	58	148	85	63	131	63	68	7	5	2	124	64	60	16	16	-	68	38	30	72	42	30	5	2	3	16	11	5	3	2	1	-	-	-	7	6	1	6	1	5
2018	중랑구	상봉2동	824	471	353	408	211	197	82	52	30	106	66	40	95	55	40	6	4	2	37	27	10	9	5	4	25	18	7	36	23	13	-	-	-	7	6	1	5	2	3	-	-	-	4	2	2	4	-	4
2018	중랑구	중화1동	865	518	347	443	248	195	83	52	31	78	50	28	98	61	37	5	4	1	60	43	17	7	6	1	31	15	16	39	24	15	5	3	2	9	5	4	-	-	-	-	-	-	3	3	-	4	4	-
2018	중랑구	중화2동	1,596	929	667	796	447	349	158	101	57	175	100	75	181	103	78	8	7	1	88	57	31	12	8	4	71	42	29	72	45	27	4	4	-	6	3	3	5	3	2	2	-	2	15	7	8	3	2	1
2018	중랑구	묵1동	1,427	827	600	711	405	306	145	87	58	149	89	60	164	89	75	10	9	1	92	62	30	15	11	4	48	21	27	47	27	20	4	3	1	6	4	2	12	6	6	-	-	-	15	8	7	9	6	3
2018	중랑구	묵2동	903	528	375	423	259	164	96	53	43	90	59	31	110	46	64	5	3	2	64	37	27	13	13	-	34	13	21	43	28	15	2	1	1	6	5	1	6	5	1	2	-	2	6	4	2	3	2	1
2018	중랑구	망우3동	966	562	404	474	285	189	90	58	32	102	66	36	116	61	55	5	4	1	63	31	32	9	7	2	47	22	25	33	19	14	2	2	-	3	1	2	6	2	4	3	1	2	10	3	7	3	-	3
2018	중랑구	신내1동	1,909	1,045	864	940	500	440	244	132	112	187	99	88	205	112	93	16	13	3	121	82	39	17	14	3	53	24	29	81	39	42	4	1	3	12	10	2	10	5	5	3	2	1	11	9	2	5	3	2
2018	중랑구	신내2동	1,447	793	654	687	375	312	174	93	81	132	66	66	127	63	64	15	7	8	103	74	29	20	17	3	92	43	49	62	38	24	6	3	3	11	6	5	6	4	2	2	-	2	5	3	2	5	1	4
2018	중랑구	면목본동	1,730	1,005	725	910	510	400	172	102	70	186	111	75	173	106	67	18	15	3	97	66	31	13	12	1	73	32	41	44	22	22	1	1	-	12	9	3	3	3	-	1	1	-	20	11	9	7	4	3
2018	중랑구	면목3.8동	1,259	757	502	640	372	268	122	79	43	131	80	51	139	82	57	15	13	2	67	42	25	10	9	1	52	32	20	58	33	25	3	2	1	8	5	3	1	1	-	2	1	1	7	6	1	4	-	4
2018	중랑구	망우본동	1,732	1,029	703	868	483	385	199	113	86	165	112	53	194	113	81	12	8	4	96	59	37	18	16	2	59	44	15	64	40	24	12	10	2	7	7	-	13	6	7	1	1	-	14	10	4	10	7	3
2018	성북구	소계	17,415	9,913	7,502	8,178	4,471	3,707	1,905	1,099	806	1,897	1,119	778	2,244	1,255	989	155	113	42	1,022	630	392	197	171	26	634	331	303	774	449	325	29	22	7	89	72	17	123	83	40	17	10	7	108	67	41	43	21	22
2018	성북구	돈암1동	627	335	292	296	137	159	68	40	28	69	42	27	98	61	37	3	1	2	21	13	8	11	8	3	20	10	10	24	12	12	-	-	-	3	1	2	7	5	2	-	-	-	6	5	1	1	-	1
2018	성북구	돈암2동	724	414	310	305	163	142	89	41	48	80	54	26	115	66	49	3	2	1	32	22	10	18	16	2	24	15	9	39	23	16	3	2	1	2	2	-	5	3	2	-	-	-	9	5	4	-	-	-
2018	성북구	안암동	575	334	241	243	131	112	76	48	28	63	37	26	54	24	30	10	9	1	61	38	23	11	10	1	18	11	7	26	16	10	1	1	-	3	2	1	2	2	-	2	1	1	3	2	1	2	2	-
2018	성북구	보문동	621	342	279	296	142	154	73	44	29	65	39	26	73	46	27	6	6	-	31	21	10	5	4	1	29	16	13	28	14	14	-	-	-	3	2	1	4	3	1	-	-	-	5	3	2	3	2	1
2018	성북구	정릉1동	658	358	300	320	172	148	61	30	31	72	38	34	89	44	45	4	3	1	36	25	11	8	7	1	26	12	14	26	15	11	-	-	-	1	-	1	10	9	1	-	-	-	5	3	2	-	-	-
2018	성북구	정릉2동	973	545	428	469	253	216	112	69	43	91	50	41	116	67	49	10	6	4	53	27	26	12	11	1	39	21	18	45	25	20	1	1	-	7	5	2	6	5	1	1	1	-	8	3	5	3	1	2
2018	성북구	정릉3동	758	433	325	372	191	181	81	47	34	81	53	28	97	54	43	3	2	1	47	33	14	6	4	2	28	20	8	30	19	11	2	2	-	3	2	1	3	3	-	-	-	-	2	2	-	3	1	2
2018	성북구	정릉4동	1,062	612	450	507	285	222	122	76	46	107	62	45	120	75	45	11	10	1	58	31	27	9	7	2	41	19	22	54	26	28	2	2	-	6	5	1	16	9	7	-	-	-	3	2	1	6	3	3
2018	성북구	길음1동	1,064	588	476	473	242	231	122	68	54	122	69	53	141	82	59	11	5	6	70	51	19	20	18	2	31	13	18	49	22	27	-	-	-	7	6	1	9	7	2	1	1	-	6	4	2	2	-	2
2018	성북구	길음2동	443	250	193	214	115	99	47	29	18	46	27	19	60	35	25	2	1	1	24	15	9	2	2	-	15	6	9	24	12	12	-	-	-	3	3	-	3	3	-	1	1	-	2	1	1	-	-	-
2018	성북구	월곡1동	1,180	679	501	543	296	247	136	78	58	121	69	52	153	94	59	14	12	2	69	40	29	12	11	1	47	27	20	54	37	17	-	-	-	6	5	1	12	6	6	4	2	2	6	2	4	3	-	3
2018	성북구	월곡2동	935	542	393	495	289	206	100	48	52	93	56	37	98	60	38	7	3	4	46	31	15	6	4	2	37	14	23	30	20	10	1	1	-	4	4	-	7	4	3	1	1	-	8	5	3	2	2	-
2018	성북구	장위1동	1,064	591	473	506	280	226	103	63	40	117	66	51	134	67	67	8	7	1	80	45	35	6	6	-	50	21	29	41	26	15	2	2	-	4	4	-	5	2	3	1	-	1	5	2	3	2	-	2
2018	성북구	장위2동	752	441	311	353	193	160	75	46	29	65	45	20	102	51	51	7	7	-	55	39	16	4	4	-	36	24	12	39	22	17	3	3	-	3	2	1	2	-	2	1	-	1	7	5	2	-	-	-
2018	성북구	장위3동	580	355	225	277	165	112	67	36	31	56	35	21	74	53	21	8	5	3	31	13	18	4	3	1	18	10	8	29	21	8	-	-	-	2	2	-	4	3	1	-	-	-	7	6	1	3	3	-
2018	성북구	성북동	587	340	247	250	143	107	60	31	29	88	57	31	80	39	41	6	5	1	43	28	15	11	7	4	13	7	6	21	10	11	-	-	-	5	4	1	6	6	-	-	-	-	2	1	1	2	2	-
2018	성북구	삼선동	965	552	413	441	248	193	118	78	40	110	56	54	116	61	55	8	7	1	60	36	24	11	11	-	41	19	22	40	21	19	2	1	1	9	8	1	4	4	-	1	1	-	3	1	2	1	-	1
2018	성북구	동선동	575	340	235	254	143	111	49	31	18	101	55	46	72	40	32	3	3	-	29	23	6	7	7	-	21	12	9	26	18	8	2	1	1	4	3	1	2	1	1	2	1	1	3	2	1	-	-	-
2018	성북구	종암동	1,607	897	710	745	414	331	168	95	73	155	84	71	252	124	128	16	11	5	86	51	35	26	23	3	52	29	23	72	46	26	9	5	4	7	6	1	6	3	3	1	-	1	6	3	3	6	3	3
2018	성북구	석관동	1,665	965	700	819	469	350	178	101	77	195	125	70	200	112	88	15	8	7	90	48	42	8	8	-	48	25	23	77	44	33	1	1	-	7	6	1	10	5	5	1	1	-	12	10	2	4	2	2
2018	강북구	소계	17,522	9,956	7,566	8,100	4,499	3,601	1,803	1,110	693	2,034	1,151	883	2,307	1,265	1,042	144	100	44	1,168	686	482	142	124	18	725	364	361	688	384	304	37	20	17	94	72	22	87	55	32	11	7	4	132	90	42	50	29	21
2018	강북구	번1동	973	585	388	468	283	185	103	62	41	122	71	51	127	79	48	6	5	1	51	28	23	3	3	-	40	18	22	38	24	14	1	1	-	6	5	1	1	1	-	1	1	-	5	3	2	1	1	-
2018	강북구	번2동	1,369	752	617	605	324	281	151	96	55	138	78	60	173	81	92	15	10	5	101	58	43	16	14	2	71	35	36	58	32	26	5	2	3	11	10	1	5	2	3	1	-	1	16	9	7	3	1	2
2018	강북구	번3동	2,019	1,133	886	919	498	421	227	142	85	200	120	80	222	119	103	11	6	5	151	81	70	8	7	1	141	76	65	90	55	35	5	2	3	18	11	7	11	6	5	-	-	-	8	7	1	8	3	5
2018	강북구	수유1동	1,281	782	499	536	305	231	123	85	38	206	127	79	169	105	64	11	9	2	113	76	37	10	8	2	41	23	18	43	27	16	2	2	-	6	5	1	7	2	5	1	1	-	9	5	4	4	2	2
2018	강북구	수유2동	1,112	608	504	502	258	244	105	68	37	134	69	65	148	80	68	8	6	2	76	47	29	18	18	-	39	13	26	56	32	24	5	2	3	4	3	1	8	5	3	1	1	-	6	4	2	2	2	-
2018	강북구	수유3동	1,100	629	471	514	291	223	106	69	37	131	73	58	144	71	73	7	5	2	74	44	30	14	11	3	47	24	23	41	28	13	3	1	2	4	3	1	1	-	1	-	-	-	8	4	4	6	5	1
2018	강북구	삼양동	1,419	812	607	655	365	290	129	81	48	182	109	73	194	102	92	16	10	6	103	66	37	12	9	3	44	23	21	46	24	22	1	-	1	8	5	3	14	9	5	-	-	-	10	8	2	5	1	4
2018	강북구	미아동	1,180	682	498	526	294	232	116	68	48	138	81	57	205	121	84	10	4	6	56	38	18	7	7	-	43	24	19	42	22	20	4	3	1	4	3	1	9	7	2	3	2	1	13	6	7	4	2	2
2018	강북구	송중동	1,399	822	577	688	386	302	112	75	37	166	89	77	213	139	74	12	10	2	79	42	37	6	6	-	46	27	19	53	30	23	2	1	1	5	3	2	4	3	1	-	-	-	9	7	2	4	4	-
2018	강북구	송천동	1,564	880	684	743	416	327	154	96	58	171	93	78	221	120	101	15	11	4	88	49	39	9	8	1	64	29	35	63	29	34	3	3	-	7	6	1	6	4	2	1	-	1	16	13	3	3	3	-
2018	강북구	삼각산동	1,269	690	579	630	345	285	127	64	63	147	81	66	149	73	76	9	6	3	73	44	29	17	14	3	39	17	22	47	25	22	-	-	-	8	6	2	8	4	4	1	-	1	10	8	2	4	3	1
2018	강북구	우이동	1,043	582	461	494	262	232	134	79	55	105	58	47	114	61	53	8	4	4	70	44	26	8	8	-	40	22	18	45	26	19	4	1	3	6	5	1	4	3	1	-	-	-	9	8	1	2	1	1
2018	강북구	인수동	1,794	999	795	820	472	348	216	125	91	194	102	92	228	114	114	16	14	2	133	69	64	14	11	3	70	33	37	66	30	36	2	2	-	7	7	-	9	9	-	2	2	-	13	8	5	4	1	3
2018	도봉구	소계	15,373	8,952	6,421	7,039	3,993	3,046	1,754	1,030	724	1,618	987	631	2,032	1,133	899	98	72	26	1,061	662	399	176	149	27	603	324	279	618	360	258	34	25	9	72	53	19	86	54	32	16	9	7	130	77	53	36	24	12
2018	도봉구	쌍문1동	1,096	625	471	498	272	226	117	65	52	128	83	45	143	80	63	9	3	6	70	44	26	14	13	1	45	24	21	39	18	21	5	4	1	4	3	1	9	5	4	1	-	1	14	11	3	-	-	-
2018	도봉구	쌍문2동	947	560	387	418	247	171	113	65	48	108	64	44	131	76	55	6	5	1	67	42	25	14	12	2	37	23	14	31	15	16	1	1	-	6	3	3	3	2	1	1	-	1	9	4	5	2	1	1
2018	도봉구	쌍문3동	814	459	355	378	204	174	67	40	27	83	51	32	122	71	51	5	5	-	59	27	32	8	7	1	32	15	17	40	25	15	2	2	-	4	4	-	4	3	1	2	1	1	6	3	3	2	1	1
2018	도봉구	쌍문4동	704	376	328	319	160	159	72	40	32	67	42	25	98	40	58	5	2	3	54	32	22	17	16	1	16	5	11	37	25	12	2	2	-	1	-	1	8	8	-	-	-	-	5	2	3	3	2	1
2018	도봉구	방학1동	1,449	890	559	683	414	269	168	100	68	137	91	46	193	115	78	8	7	1	99	60	39	14	12	2	56	31	25	57	34	23	3	3	-	9	8	1	6	3	3	-	-	-	12	9	3	4	3	1
2018	도봉구	방학2동	1,234	721	513	564	339	225	135	82	53	142	86	56	141	73	68	11	7	4	86	49	37	8	5	3	70	30	40	49	30	19	1	-	1	5	4	1	4	3	1	3	2	1	9	6	3	6	5	1
2018	도봉구	방학3동	1,010	584	426	472	257	215	142	83	59	94	62	32	126	69	57	8	5	3	67	50	17	9	9	-	32	15	17	43	23	20	1	1	-	4	3	1	6	4	2	1	-	1	4	3	1	1	-	1
2018	도봉구	창1동	1,046	593	453	465	248	217	136	80	56	112	65	47	152	82	70	6	4	2	56	36	20	15	12	3	42	27	15	41	26	15	4	3	1	1	-	1	6	3	3	-	-	-	8	5	3	2	2	-
2018	도봉구	창2동	1,314	763	551	634	365	269	144	93	51	149	78	71	172	92	80	11	10	1	74	42	32	8	6	2	40	28	12	52	31	21	1	1	-	7	6	1	7	4	3	-	-	-	11	4	7	4	3	1
2018	도봉구	창3동	793	491	302	371	217	154	102	60	42	82	58	24	82	55	27	4	3	1	60	41	19	12	10	2	32	19	13	28	16	12	4	3	1	4	3	1	3	-	3	-	-	-	5	4	1	4	2	2
2018	도봉구	창4동	1,000	553	447	452	247	205	119	57	62	98	56	42	138	79	59	3	2	1	63	40	23	13	11	2	30	15	15	53	31	22	1	-	1	9	5	4	7	4	3	1	-	1	11	4	7	2	2	-
2018	도봉구	창5동	1,002	590	412	454	256	198	119	77	42	103	59	44	149	81	68	5	5	-	64	40	24	13	12	1	37	23	14	34	22	12	2	1	1	6	4	2	6	5	1	2	2	-	7	3	4	1	-	1
2018	도봉구	도봉1동	1,477	872	605	621	361	260	142	91	51	155	88	67	198	120	78	8	6	2	158	101	57	16	11	5	89	44	45	59	32	27	5	3	2	4	2	2	7	4	3	4	3	1	9	5	4	2	1	1
2018	도봉구	도봉2동	1,487	875	612	710	406	304	178	97	81	160	104	56	187	100	87	9	8	1	84	58	26	15	13	2	45	25	20	55	32	23	2	1	1	8	8	-	10	6	4	1	1	-	20	14	6	3	2	1
2018	노원구	소계	27,396	15,057	12,339	12,426	6,714	5,712	2,983	1,677	1,306	2,778	1,546	1,232	3,224	1,650	1,574	219	148	71	2,183	1,293	890	346	287	59	1,495	716	779	1,052	610	442	106	66	40	150	102	48	104	76	28	34	19	15	179	100	79	117	53	64
2018	노원구	월계1동	1,056	626	430	494	265	229	104	67	37	88	49	39	163	102	61	10	8	2	75	54	21	12	11	1	33	15	18	47	32	15	5	3	2	-	-	-	7	6	1	1	1	-	11	8	3	6	5	1
2018	노원구	월계2동	2,298	1,281	1,017	1,026	566	460	236	136	100	197	107	90	267	134	133	16	10	6	187	119	68	26	19	7	197	102	95	88	53	35	10	8	2	15	12	3	6	4	2	4	2	2	12	4	8	11	5	6
2018	노원구	월계3동	1,958	1,046	912	901	485	416	192	107	85	203	113	90	240	112	128	19	12	7	144	93	51	16	16	-	114	43	71	77	41	36	7	2	5	12	4	8	8	6	2	1	1	-	13	8	5	11	3	8
2018	노원구	공릉2동	1,353	758	595	677	372	305	144	82	62	150	85	65	143	80	63	9	6	3	86	50	36	21	19	2	42	14	28	46	31	15	6	3	3	4	1	3	6	4	2	2	1	1	12	8	4	5	2	3
2018	노원구	하계1동	2,117	1,098	1,019	878	445	433	220	115	105	196	111	85	225	93	132	10	6	4	278	156	122	31	25	6	173	87	86	71	40	31	6	4	2	14	9	5	2	1	1	3	2	1	4	1	3	6	3	3
2018	노원구	하계2동	998	534	464	425	224	201	121	65	56	113	59	54	117	49	68	14	13	1	81	45	36	22	17	5	43	23	20	42	25	17	2	1	1	7	3	4	3	2	1	-	-	-	6	6	-	2	2	-
2018	노원구	중계본동	881	486	395	430	245	185	102	55	47	68	30	38	96	46	50	8	6	2	81	42	39	20	16	4	19	11	8	31	17	14	4	2	2	3	3	-	10	9	1	1	-	1	4	3	1	4	1	3
2018	노원구	중계1동	778	427	351	378	197	181	72	42	30	77	50	27	93	50	43	7	2	5	49	30	19	20	14	6	29	11	18	27	15	12	4	2	2	11	7	4	8	6	2	-	-	-	2	1	1	1	-	1
2018	노원구	중계4동	1,554	845	709	669	358	311	168	112	56	155	69	86	195	96	99	13	9	4	115	68	47	10	10	-	140	75	65	54	31	23	3	1	2	9	7	2	2	1	1	1	-	1	10	4	6	10	4	6
2018	노원구	상계1동	1,874	1,031	843	819	442	377	221	124	97	234	145	89	197	98	99	15	13	2	166	79	87	25	21	4	69	33	36	80	47	33	5	4	1	11	8	3	14	8	6	1	1	-	14	7	7	3	1	2
2018	노원구	상계2동	906	533	373	399	231	168	104	58	46	88	51	37	119	72	47	9	8	1	76	53	23	11	10	1	37	16	21	40	21	19	5	3	2	4	4	-	2	2	-	-	-	-	6	2	4	6	2	4
2018	노원구	상계5동	1,312	730	582	616	316	300	157	95	62	142	87	55	152	84	68	8	6	2	90	59	31	16	12	4	56	25	31	43	27	16	5	4	1	6	5	1	6	6	-	-	-	-	9	1	8	6	3	3
2018	노원구	상계8동	708	385	323	339	178	161	75	36	39	92	54	38	84	47	37	6	6	-	38	24	14	14	10	4	28	13	15	19	11	8	4	1	3	1	-	1	-	-	-	1	-	1	4	2	2	3	3	-
2018	노원구	상계9동	753	415	338	326	176	150	96	47	49	75	44	31	102	60	42	3	2	1	56	38	18	10	8	2	31	10	21	33	15	18	5	5	-	3	2	1	5	3	2	3	2	1	4	3	1	1	-	1
2018	노원구	상계10동	516	283	233	220	116	104	61	32	29	50	24	26	71	33	38	7	5	2	42	27	15	10	9	1	20	14	6	24	14	10	-	-	-	-	-	-	4	4	-	1	-	1	3	3	-	3	2	1
2018	노원구	상계3.4동	1,587	887	700	731	408	323	199	120	79	167	89	78	193	104	89	7	3	4	108	64	44	11	10	1	69	34	35	60	33	27	9	5	4	8	3	5	6	3	3	2	1	1	10	7	3	7	3	4
2018	노원구	상계6.7동	1,273	693	580	596	325	271	136	65	71	140	80	60	147	76	71	9	5	4	95	55	40	18	14	4	39	20	19	56	34	22	4	2	2	6	5	1	6	4	2	2	-	2	15	6	9	4	2	2
2018	노원구	중계2.3동	3,240	1,743	1,497	1,432	762	670	372	209	163	328	171	157	362	183	179	30	17	13	266	154	112	30	26	4	234	114	120	111	63	48	13	9	4	21	15	6	3	2	1	6	4	2	20	11	9	12	3	9
2018	노원구	공릉1동	2,234	1,256	978	1,070	603	467	203	110	93	215	128	87	258	131	127	19	11	8	150	83	67	23	20	3	122	56	66	103	60	43	9	7	2	15	14	1	6	5	1	5	4	1	20	15	5	16	9	7
2018	은평구	소계	21,531	12,631	8,900	9,280	5,134	4,146	2,234	1,367	867	2,354	1,436	918	2,959	1,615	1,344	179	133	46	1,736	1,149	587	290	251	39	1,125	703	422	806	479	327	48	26	22	136	98	38	132	94	38	25	15	10	165	96	69	62	35	27
2018	은평구	녹번동	1,528	889	639	702	384	318	157	90	67	169	116	53	234	122	112	20	12	8	87	62	25	16	13	3	47	26	21	60	39	21	1	-	1	4	2	2	11	8	3	2	2	-	15	11	4	3	2	1
2018	은평구	불광1동	1,682	934	748	706	372	334	179	105	74	218	126	92	259	145	114	14	10	4	93	52	41	19	18	1	77	39	38	73	43	30	3	3	-	10	8	2	14	6	8	1	1	-	14	5	9	2	1	1
2018	은평구	갈현1동	1,115	639	476	483	274	209	113	71	42	128	80	48	147	79	68	8	5	3	76	44	32	9	8	1	74	36	38	52	23	29	2	1	1	7	5	2	5	5	-	1	1	-	9	6	3	1	1	-
2018	은평구	갈현2동	1,208	709	499	551	311	240	110	63	47	138	92	46	160	95	65	13	12	1	89	56	33	14	12	2	51	21	30	56	29	27	3	1	2	6	6	-	8	6	2	-	-	-	7	4	3	2	1	1
2018	은평구	구산동	2,301	1,640	661	713	431	282	256	196	60	155	101	54	226	130	96	14	10	4	431	335	96	31	28	3	332	303	29	66	48	18	3	1	2	38	29	9	6	5	1	1	1	-	22	17	5	7	5	2
2018	은평구	대조동	1,439	815	624	649	347	302	150	89	61	163	95	68	207	117	90	14	13	1	85	55	30	12	11	1	70	36	34	59	33	26	-	-	-	6	4	2	8	7	1	1	1	-	10	5	5	5	2	3
2018	은평구	응암1동	1,155	633	522	512	275	237	124	80	44	135	79	56	185	90	95	5	4	1	63	33	30	13	12	1	51	28	23	42	17	25	3	2	1	3	3	-	8	4	4	1	-	1	8	5	3	2	1	1
2018	은평구	응암2동	760	450	310	336	195	141	81	48	33	91	53	38	98	53	45	8	7	1	48	31	17	18	15	3	32	20	12	26	15	11	1	-	1	6	4	2	3	2	1	1	-	1	8	4	4	3	3	-
2018	은평구	신사1동	1,217	722	495	554	319	235	116	69	47	143	82	61	163	93	70	12	8	4	108	73	35	11	6	5	47	28	19	28	24	4	2	2	-	5	2	3	9	7	2	4	2	2	11	6	5	4	1	3
2018	은평구	신사2동	977	571	406	460	261	199	84	47	37	101	64	37	125	70	55	5	4	1	81	46	35	16	14	2	33	16	17	45	31	14	2	1	1	6	5	1	6	5	1	-	-	-	9	4	5	4	3	1
2018	은평구	증산동	711	413	298	321	171	150	72	44	28	76	51	25	90	53	37	4	3	1	47	30	17	11	10	1	28	13	15	37	21	16	1	1	-	4	3	1	9	7	2	2	-	2	7	5	2	2	1	1
2018	은평구	수색동	594	341	253	263	142	121	57	29	28	73	43	30	76	44	32	5	5	-	46	32	14	10	9	1	26	12	14	19	13	6	3	-	3	4	2	2	6	5	1	1	1	-	4	3	1	1	1	-
2018	은평구	진관동	1,906	1,070	836	854	457	397	237	151	86	208	116	92	277	137	140	13	10	3	104	66	38	48	40	8	49	25	24	62	34	28	8	4	4	6	4	2	21	16	5	2	-	2	12	8	4	5	2	3
2018	은평구	불광2동	1,492	864	628	642	365	277	137	79	58	193	118	75	232	126	106	14	10	4	115	72	43	22	21	1	54	23	31	46	28	18	5	3	2	5	4	1	7	5	2	2	1	1	7	2	5	11	7	4
2018	은평구	응암3동	1,336	774	562	584	325	259	136	78	58	143	85	58	201	114	87	13	8	5	89	62	27	14	11	3	62	33	29	56	39	17	6	3	3	10	7	3	5	2	3	3	2	1	9	4	5	5	1	4
2018	은평구	역촌동	2,110	1,167	943	950	505	445	225	128	97	220	135	85	279	147	132	17	12	5	174	100	74	26	23	3	92	44	48	79	42	37	5	4	1	16	10	6	6	4	2	3	3	-	13	7	6	5	3	2
2018	서대문구	소계	12,610	7,028	5,582	5,664	3,022	2,642	1,443	821	622	1,344	799	545	1,692	888	804	117	83	34	791	501	290	141	124	17	525	273	252	577	320	257	30	20	10	53	37	16	87	59	28	9	6	3	103	55	48	34	20	14
2018	서대문구	천연동	776	424	352	344	173	171	80	50	30	86	49	37	100	53	47	4	3	1	47	28	19	10	8	2	43	19	24	37	23	14	4	3	1	6	5	1	6	4	2	-	-	-	7	4	3	2	2	-
2018	서대문구	홍제1동	865	470	395	382	198	184	94	49	45	89	53	36	129	69	60	7	4	3	64	36	28	16	13	3	26	14	12	41	21	20	-	-	-	2	1	1	9	7	2	1	1	-	3	2	1	2	2	-
2018	서대문구	홍제3동	825	461	364	384	198	186	90	53	37	94	59	35	119	64	55	10	4	6	44	32	12	4	3	1	29	15	14	32	20	12	5	4	1	4	2	2	3	2	1	-	-	-	6	4	2	1	1	-
2018	서대문구	홍제2동	648	351	297	275	134	141	92	56	36	81	42	39	91	50	41	13	10	3	30	20	10	7	7	-	16	8	8	27	14	13	1	1	-	4	3	1	6	4	2	-	-	-	4	2	2	1	-	1
2018	서대문구	홍은1동	1,099	594	505	527	277	250	111	59	52	111	60	51	147	78	69	11	8	3	63	38	25	13	12	1	40	22	18	48	22	26	-	-	-	5	4	1	7	3	4	1	-	1	10	6	4	5	5	-
2018	서대문구	홍은2동	1,298	745	553	576	306	270	147	89	58	138	88	50	147	79	68	8	6	2	94	60	34	17	15	2	69	46	23	70	39	31	2	1	1	4	3	1	9	5	4	2	1	1	13	6	7	2	1	1
2018	서대문구	남가좌1동	537	294	243	259	134	125	72	40	32	56	38	18	58	26	32	4	3	1	30	17	13	6	5	1	20	11	9	21	15	6	-	-	-	2	1	1	3	2	1	-	-	-	4	2	2	2	-	2
2018	서대문구	남가좌2동	1,060	569	491	471	242	229	120	58	62	99	66	33	151	74	77	14	8	6	63	42	21	8	8	-	65	29	36	38	23	15	3	2	1	6	4	2	9	7	2	-	-	-	7	4	3	6	2	4
2018	서대문구	북가좌1동	709	402	307	310	167	143	91	50	41	74	48	26	98	54	44	8	4	4	53	30	23	9	8	1	21	11	10	28	20	8	2	2	-	3	2	1	6	4	2	1	1	-	4	1	3	1	-	1
2018	서대문구	북가좌2동	1,583	893	690	753	422	331	157	88	69	162	95	67	208	108	100	13	10	3	99	68	31	13	11	2	68	26	42	82	48	34	3	1	2	2	2	-	3	2	1	2	1	1	16	10	6	2	1	1
2018	서대문구	충현동	725	436	289	298	189	109	81	49	32	94	56	38	106	46	60	7	6	1	47	33	14	7	7	-	33	20	13	32	17	15	3	2	1	3	3	-	7	4	3	-	-	-	4	2	2	3	2	1
2018	서대문구	북아현동	626	351	275	292	156	136	72	42	30	65	41	24	91	52	39	6	6	-	30	20	10	10	9	1	16	4	12	27	12	15	4	3	1	4	2	2	6	4	2	-	-	-	2	-	2	1	-	1
2018	서대문구	신촌동	482	264	218	192	103	89	67	42	25	52	27	25	73	39	34	1	1	-	30	18	12	8	6	2	17	10	7	28	11	17	1	1	-	2	1	1	1	1	-	-	-	-	8	3	5	2	1	1
2018	서대문구	연희동	1,377	774	603	601	323	278	169	96	73	143	77	66	174	96	78	11	10	1	97	59	38	13	12	1	62	38	24	66	35	31	2	-	2	6	4	2	12	10	2	2	2	-	15	9	6	4	3	1
2018	마포구	소계	13,219	7,489	5,730	5,957	3,266	2,691	1,473	840	633	1,493	885	608	1,707	928	779	116	84	32	860	517	343	186	155	31	501	251	250	605	354	251	36	20	16	48	35	13	83	58	25	12	7	5	101	63	38	41	26	15
2018	마포구	용강동	622	361	261	295	158	137	64	41	23	72	47	25	68	35	33	10	9	1	40	26	14	8	7	1	19	13	6	25	13	12	2	-	2	4	3	1	4	4	-	1	-	1	8	4	4	2	1	1
2018	마포구	대흥동	431	247	184	190	95	95	50	32	18	45	30	15	57	35	22	2	2	-	28	16	12	7	7	-	18	10	8	25	15	10	1	-	1	1	1	-	-	-	-	-	-	-	5	2	3	2	2	-
2018	마포구	염리동	455	253	202	198	108	90	57	35	22	61	31	30	55	27	28	3	2	1	27	17	10	4	4	-	20	11	9	19	11	8	2	2	-	1	1	-	3	2	1	-	-	-	3	1	2	2	1	1
2018	마포구	신수동	683	392	291	314	171	143	73	46	27	72	41	31	94	53	41	7	5	2	50	33	17	7	5	2	20	10	10	31	17	14	1	1	-	1	-	1	2	2	-	1	1	-	6	4	2	4	3	1
2018	마포구	서교동	685	414	271	323	187	136	56	36	20	90	57	33	98	52	46	7	5	2	44	31	13	9	7	2	14	9	5	31	20	11	-	-	-	1	1	-	10	8	2	-	-	-	1	1	-	1	-	1
2018	마포구	합정동	611	348	263	277	145	132	66	37	29	65	45	20	94	55	39	3	3	-	35	20	15	7	4	3	16	9	7	32	18	14	3	2	1	1	1	-	3	3	-	1	-	1	6	5	1	2	1	1
2018	마포구	망원1동	854	498	356	407	231	176	88	55	33	99	69	30	106	51	55	6	3	3	54	33	21	8	6	2	27	13	14	36	20	16	3	2	1	2	2	-	10	7	3	-	-	-	4	2	2	4	4	-
2018	마포구	망원2동	775	462	313	356	201	155	98	62	36	87	56	31	102	62	40	7	6	1	39	22	17	9	7	2	24	11	13	36	23	13	1	-	1	4	4	-	5	3	2	-	-	-	6	4	2	1	1	-
2018	마포구	연남동	541	286	255	250	111	139	53	29	24	65	37	28	75	43	32	5	4	1	30	18	12	9	9	-	16	9	7	27	20	7	1	-	1	1	1	-	2	1	1	-	-	-	7	4	3	-	-	-
2018	마포구	성산1동	712	420	292	309	170	139	73	44	29	81	47	34	90	58	32	7	5	2	32	16	16	16	16	-	41	21	20	40	26	14	6	4	2	2	2	-	8	5	3	-	-	-	5	4	1	2	2	-
2018	마포구	성산2동	2,027	1,093	934	875	478	397	250	139	111	218	115	103	246	123	123	19	13	6	162	93	69	19	15	4	117	54	63	74	35	39	5	3	2	9	5	4	9	7	2	3	3	-	13	6	7	8	4	4
2018	마포구	상암동	1,188	676	512	513	285	228	147	81	66	127	73	54	139	76	63	4	2	2	91	62	29	27	24	3	33	18	15	71	35	36	6	2	4	6	4	2	13	8	5	1	1	-	8	5	3	2	-	2
2018	마포구	도화동	770	409	361	310	160	150	93	48	45	101	55	46	105	53	52	5	4	1	46	25	21	12	8	4	37	19	18	46	29	17	1	1	-	5	1	4	4	2	2	-	-	-	4	3	1	1	1	-
2018	마포구	서강동	681	374	307	318	186	132	85	39	46	63	30	33	94	46	48	9	7	2	35	21	14	13	10	3	23	9	14	25	18	7	2	1	1	-	-	-	1	-	1	3	2	1	8	5	3	2	-	2
2018	마포구	공덕동	1,500	850	650	704	389	315	144	75	69	181	112	69	194	115	79	15	8	7	105	56	49	16	15	1	53	24	29	56	34	22	1	1	-	8	8	-	4	2	2	2	-	2	11	7	4	6	4	2
2018	마포구	아현동	684	406	278	318	191	127	76	41	35	66	40	26	90	44	46	7	6	1	42	28	14	15	11	4	23	11	12	31	20	11	1	1	-	2	1	1	5	4	1	-	-	-	6	6	-	2	2	-
2018	양천구	소계	17,350	10,122	7,228	8,137	4,721	3,416	1,781	1,046	735	1,717	1,031	686	2,464	1,315	1,149	153	109	44	1,110	690	420	251	213	38	621	326	295	665	390	275	45	32	13	93	61	32	125	82	43	12	6	6	126	71	55	50	29	21
2018	양천구	목1동	668	369	299	312	166	146	79	40	39	76	47	29	79	39	40	8	6	2	42	25	17	18	16	2	15	9	6	20	10	10	2	-	2	3	2	1	7	5	2	-	-	-	6	3	3	1	1	-
2018	양천구	목2동	1,043	632	411	507	300	207	102	59	43	120	78	42	145	80	65	4	4	-	57	41	16	11	8	3	35	22	13	42	26	16	4	3	1	6	3	3	6	4	2	-	-	-	4	4	-	-	-	-
2018	양천구	목3동	866	517	349	402	241	161	75	50	25	73	46	27	136	76	60	11	8	3	57	35	22	8	7	1	48	16	32	30	18	12	2	1	1	5	3	2	6	4	2	1	1	-	9	9	-	3	2	1
2018	양천구	목4동	875	507	368	404	240	164	67	39	28	99	56	43	121	62	59	11	5	6	59	34	25	19	13	6	34	21	13	39	21	18	-	-	-	3	2	1	9	6	3	-	-	-	8	7	1	2	1	1
2018	양천구	신월1동	1,215	733	482	579	360	219	129	82	47	123	65	58	158	78	80	8	6	2	82	54	28	14	12	2	42	30	12	46	25	21	2	1	1	12	10	2	4	3	1	2	-	2	7	5	2	7	2	5
2018	양천구	신월2동	1,039	619	420	505	303	202	109	61	48	101	62	39	144	86	58	10	6	4	76	48	28	10	9	1	38	16	22	30	20	10	3	2	1	1	1	-	5	2	3	-	-	-	6	2	4	1	1	-
2018	양천구	신월3동	948	575	373	462	274	188	91	63	28	94	67	27	112	60	52	10	8	2	60	28	32	6	5	1	48	30	18	38	24	14	1	1	-	5	4	1	9	5	4	-	-	-	9	3	6	3	3	-
2018	양천구	신월4동	906	535	371	470	275	195	95	53	42	67	36	31	125	78	47	6	4	2	54	39	15	12	10	2	21	6	15	38	23	15	3	2	1	1	1	-	7	6	1	2	-	2	5	2	3	-	-	-
2018	양천구	신월5동	736	420	316	357	198	159	67	43	24	77	45	32	98	57	41	6	6	-	43	26	17	12	9	3	30	15	15	22	12	10	2	1	1	6	1	5	6	2	4	1	1	-	7	3	4	2	1	1
2018	양천구	신월6동	254	175	79	129	87	42	24	13	11	17	12	5	35	24	11	1	1	-	21	18	3	5	5	-	4	2	2	11	6	5	1	1	-	1	1	-	3	3	-	-	-	-	1	1	-	1	1	-
2018	양천구	신월7동	1,165	660	505	561	309	252	116	75	41	110	66	44	175	93	82	5	4	1	59	35	24	8	6	2	46	23	23	55	32	23	1	1	-	7	6	1	6	3	3	1	-	1	12	4	8	3	3	-
2018	양천구	신정1동	577	350	227	249	145	104	69	41	28	68	41	27	87	49	38	1	1	-	32	18	14	13	12	1	17	11	6	23	16	7	3	3	-	1	1	-	10	9	1	1	-	1	2	2	-	1	1	-
2018	양천구	신정2동	728	416	312	367	210	157	84	45	39	47	30	17	79	44	35	8	3	5	55	33	22	10	9	1	27	14	13	27	17	10	1	-	1	4	3	1	8	5	3	-	-	-	7	2	5	4	1	3
2018	양천구	신정3동	2,111	1,212	899	945	544	401	239	135	104	210	122	88	298	141	157	19	14	5	146	94	52	39	35	4	77	38	39	81	55	26	5	4	1	13	8	5	14	9	5	2	2	-	12	6	6	11	5	6
2018	양천구	신정6동	470	262	208	196	110	86	63	30	33	54	34	20	53	28	25	5	3	2	38	20	18	12	8	4	15	5	10	19	12	7	5	4	1	2	2	-	3	2	1	-	-	-	5	4	1	-	-	-
2018	양천구	신정7동	1,390	736	654	625	321	304	140	78	62	131	73	58	259	118	141	13	10	3	71	44	27	23	19	4	52	29	23	49	27	22	-	-	-	10	6	4	4	3	1	-	-	-	11	6	5	2	2	-
2018	양천구	목5동	743	404	339	305	169	136	94	51	43	68	39	29	130	57	73	6	4	2	40	23	17	14	13	1	13	9	4	50	25	25	4	2	2	3	3	-	5	4	1	-	-	-	9	5	4	2	-	2
2018	양천구	신정4동	1,616	1,000	616	762	469	293	138	88	50	182	112	70	230	145	85	21	16	5	118	75	43	17	17	-	59	30	29	45	21	24	6	6	-	10	4	6	13	7	6	2	2	-	6	3	3	7	5	2
2018	강서구	소계	28,810	16,680	12,130	12,990	7,529	5,461	3,015	1,791	1,224	2,852	1,704	1,148	3,786	2,024	1,762	231	158	73	1,999	1,169	830	340	289	51	1,611	787	824	1,274	766	508	70	50	20	164	111	53	146	101	45	34	18	16	182	120	62	116	63	53
2018	강서구	염창동	1,070	650	420	494	303	191	114	52	62	113	72	41	151	94	57	5	2	3	71	46	25	28	24	4	20	11	9	46	24	22	1	1	-	5	3	2	11	7	4	1	1	-	9	9	-	1	1	-
2018	강서구	등촌1동	733	405	328	352	198	154	70	37	33	66	38	28	125	71	54	7	5	2	44	18	26	11	8	3	14	7	7	32	18	14	3	2	1	2	1	1	1	1	-	-	-	-	5	1	4	1	-	1
2018	강서구	등촌2동	723	438	285	336	209	127	68	41	27	62	40	22	93	49	44	3	3	-	42	27	15	10	6	4	33	18	15	56	30	26	1	1	-	1	-	1	7	6	1	-	-	-	8	7	1	3	1	2
2018	강서구	등촌3동	3,901	2,171	1,730	1,570	883	687	445	279	166	366	207	159	473	226	247	28	20	8	321	187	134	32	27	5	392	179	213	171	108	63	12	9	3	38	19	19	14	6	8	2	-	2	19	12	7	18	9	9
2018	강서구	화곡본동	1,439	848	591	677	406	271	138	78	60	140	86	54	183	95	88	13	7	6	107	70	37	19	15	4	69	33	36	63	35	28	6	5	1	7	6	1	3	2	1	-	-	-	6	4	2	8	6	2
2018	강서구	화곡2동	780	473	307	378	229	149	66	43	23	93	67	26	116	62	54	3	3	-	45	24	21	14	12	2	18	9	9	34	18	16	2	1	1	1	1	-	1	1	-	2	-	2	4	3	1	3	-	3
2018	강서구	화곡3동	839	490	349	359	199	160	106	64	42	91	55	36	141	77	64	10	7	3	41	26	15	7	5	2	29	20	9	36	25	11	1	-	1	2	2	-	7	5	2	1	1	-	3	1	2	5	3	2
2018	강서구	화곡4동	954	578	376	457	269	188	95	63	32	101	60	41	126	73	53	9	8	1	55	33	22	13	11	2	38	21	17	37	26	11	5	2	3	5	5	-	5	4	1	-	-	-	4	2	2	4	1	3
2018	강서구	화곡6동	978	568	410	414	239	175	87	49	38	109	68	41	125	68	57	9	5	4	128	77	51	11	9	2	37	18	19	36	19	17	2	2	-	3	3	-	3	1	2	1	-	1	10	9	1	3	1	2
2018	강서구	화곡8동	1,075	615	460	493	283	210	113	68	45	110	58	52	158	92	66	13	8	5	62	39	23	12	9	3	42	15	27	39	23	16	3	1	2	6	5	1	6	3	3	4	1	3	9	6	3	5	4	1
2018	강서구	가양1동	818	507	311	387	232	155	98	55	43	87	54	33	95	58	37	2	2	-	50	35	15	21	19	2	19	12	7	44	31	13	2	2	-	3	1	2	5	3	2	-	-	-	5	3	2	-	-	-
2018	강서구	가양2동	2,462	1,425	1,037	1,014	607	407	297	188	109	198	107	91	257	130	127	14	6	8	194	108	86	19	12	7	275	145	130	126	77	49	3	3	-	23	18	5	5	2	3	6	2	4	16	11	5	15	9	6
2018	강서구	가양3동	1,669	874	795	721	388	333	177	108	69	139	72	67	220	94	126	16	7	9	114	64	50	10	9	1	156	75	81	77	38	39	3	3	-	4	2	2	6	1	5	2	2	-	7	3	4	17	8	9
2018	강서구	발산1동	1,468	852	616	722	423	299	154	89	65	143	88	55	193	101	92	8	3	5	93	53	40	22	20	2	36	14	22	57	34	23	2	2	-	9	8	1	11	9	2	1	-	1	12	6	6	5	2	3
2018	강서구	공항동	1,094	653	441	543	318	225	90	57	33	103	66	37	153	91	62	11	8	3	74	39	35	11	11	-	38	18	20	49	29	20	1	-	1	6	4	2	6	6	-	1	1	-	6	4	2	2	1	1
2018	강서구	방화1동	1,787	1,069	718	822	494	328	184	99	85	201	124	77	269	147	122	14	12	2	124	77	47	21	20	1	37	19	18	74	46	28	4	2	2	7	5	2	10	9	1	2	1	1	15	11	4	3	3	-
2018	강서구	방화2동	1,614	961	653	734	432	302	163	99	64	155	99	56	206	113	93	18	12	6	123	71	52	14	13	1	92	47	45	70	47	23	7	5	2	12	10	2	6	4	2	3	1	2	5	4	1	6	4	2
2018	강서구	방화3동	1,999	1,130	869	913	502	411	234	146	88	177	105	72	244	136	108	17	14	3	119	61	58	15	13	2	148	73	75	78	44	34	2	1	1	18	11	7	8	8	-	1	1	-	17	10	7	8	5	3
2018	강서구	화곡1동	2,113	1,240	873	1,031	589	442	191	110	81	253	159	94	276	154	122	19	16	3	100	57	43	22	20	2	77	36	41	84	56	28	6	6	-	9	5	4	15	11	4	6	6	-	17	11	6	7	4	3
2018	강서구	우장산동	1,294	733	561	573	326	247	125	66	59	145	79	66	182	93	89	12	10	2	92	57	35	28	26	2	41	17	24	65	38	27	4	2	2	3	2	1	16	12	4	1	1	-	5	3	2	2	1	1
2018	구로구	소계	17,603	10,533	7,070	8,357	4,944	3,413	1,718	1,039	679	1,914	1,176	738	2,346	1,371	975	138	101	37	1,139	680	459	262	224	38	597	300	297	669	386	283	54	33	21	99	74	25	98	65	33	26	16	10	134	93	41	52	31	21
2018	구로구	신도림동	947	565	382	433	243	190	93	56	37	107	65	42	113	65	48	9	6	3	75	50	25	23	20	3	25	15	10	34	19	15	1	1	-	8	6	2	10	8	2	1	-	1	11	8	3	4	3	1
2018	구로구	구로1동	529	332	197	247	140	107	52	33	19	66	47	19	73	43	30	5	5	-	22	18	4	11	10	1	12	10	2	27	18	9	3	3	-	3	1	2	4	1	3	1	-	1	2	2	-	1	1	-
2018	구로구	구로3동	905	542	363	436	248	188	79	56	23	104	69	35	135	74	61	4	4	-	49	28	21	12	11	1	25	15	10	38	23	15	-	-	-	1	1	-	3	2	1	2	1	1	12	9	3	5	1	4
2018	구로구	구로4동	1,189	681	508	592	347	245	100	51	49	152	89	63	148	79	69	10	8	2	68	39	29	11	11	-	35	16	19	39	20	19	5	2	3	9	6	3	4	4	-	3	1	2	12	7	5	1	1	-
2018	구로구	구로5동	1,104	667	437	547	327	220	116	72	44	127	78	49	128	78	50	5	5	-	62	35	27	16	14	2	28	13	15	42	24	18	9	5	4	3	3	-	12	7	5	-	-	-	8	6	2	1	-	1
2018	구로구	고척1동	1,116	681	435	548	327	221	111	63	48	109	67	42	153	91	62	11	9	2	74	47	27	14	13	1	29	14	15	37	27	10	2	1	1	5	5	-	7	6	1	2	1	1	8	5	3	6	5	1
2018	구로구	고척2동	1,300	767	533	630	373	257	123	75	48	144	91	53	160	91	69	5	3	2	90	55	35	18	15	3	46	19	27	51	22	29	6	4	2	8	6	2	6	4	2	3	3	-	5	4	1	5	2	3
2018	구로구	개봉2동	1,436	878	558	664	397	267	135	93	42	146	84	62	219	132	87	13	9	4	94	57	37	23	21	2	52	27	25	53	31	22	9	4	5	4	3	1	9	6	3	2	2	-	11	10	1	2	2	-
2018	구로구	개봉3동	979	597	382	484	302	182	85	49	36	107	66	41	143	91	52	6	4	2	51	29	22	16	14	2	34	17	17	30	13	17	3	1	2	3	2	1	5	4	1	1	-	1	8	4	4	3	1	2
2018	구로구	오류1동	1,075	637	438	507	296	211	109	67	42	125	82	43	150	92	58	14	9	5	58	31	27	9	9	-	52	22	30	37	20	17	-	-	-	3	3	-	3	3	-	1	1	-	5	1	4	2	1	1
2018	구로구	오류2동	2,120	1,223	897	941	540	401	235	137	98	215	127	88	292	164	128	17	12	5	145	79	66	48	36	12	85	42	43	93	57	36	5	4	1	11	4	7	11	7	4	3	3	-	16	9	7	3	2	1
2018	구로구	수궁동	1,241	747	494	574	339	235	129	76	53	111	68	43	147	86	61	13	8	5	107	69	38	27	22	5	35	22	13	59	31	28	5	4	1	9	7	2	8	3	5	1	-	1	10	8	2	6	4	2
2018	구로구	가리봉동	583	367	216	266	177	89	53	35	18	77	48	29	91	51	40	5	4	1	30	18	12	1	1	-	25	10	15	21	13	8	1	1	-	7	5	2	-	-	-	-	-	-	4	3	1	2	1	1
2018	구로구	구로2동	1,453	866	587	704	423	281	119	75	44	160	104	56	197	108	89	13	8	5	96	54	42	12	11	1	58	26	32	47	25	22	4	2	2	14	12	2	9	4	5	2	1	1	14	11	3	4	2	2
2018	구로구	개봉1동	1,626	983	643	784	465	319	179	101	78	164	91	73	197	126	71	8	7	1	118	71	47	21	16	5	56	32	24	61	43	18	1	1	-	11	10	1	7	6	1	4	3	1	8	6	2	7	5	2
2018	금천구	소계	11,197	6,787	4,410	5,349	3,258	2,091	1,093	652	441	1,190	743	447	1,501	875	626	93	73	20	740	462	278	107	97	10	411	200	211	438	258	180	45	25	20	56	47	9	46	30	16	15	7	8	74	37	37	39	23	16
2018	금천구	가산동	732	477	255	372	234	138	66	45	21	67	46	21	102	68	34	5	4	1	42	29	13	2	2	-	29	16	13	29	21	8	4	-	4	5	5	-	2	-	2	-	-	-	6	6	-	1	1	-
2018	금천구	독산1동	1,926	1,148	778	860	523	337	214	122	92	207	125	82	241	141	100	14	14	-	126	74	52	16	14	2	106	50	56	82	47	35	15	9	6	17	14	3	7	5	2	3	2	1	11	4	7	7	4	3
2018	금천구	독산2동	958	598	360	463	295	168	82	51	31	94	56	38	132	78	54	7	6	1	82	58	24	7	7	-	40	17	23	32	22	10	4	2	2	2	1	1	3	1	2	2	1	1	4	1	3	4	2	2
2018	금천구	독산3동	1,205	743	462	603	371	232	106	66	40	135	92	43	156	94	62	12	9	3	68	42	26	13	10	3	33	16	17	52	29	23	5	3	2	1	1	-	6	5	1	3	1	2	9	3	6	3	1	2
2018	금천구	독산4동	796	505	291	381	249	132	58	39	19	93	65	28	102	62	40	10	6	4	64	38	26	13	12	1	27	9	18	35	19	16	-	-	-	3	2	1	2	1	1	-	-	-	5	1	4	3	2	1
2018	금천구	시흥1동	1,665	1,009	656	836	511	325	179	100	79	174	109	65	212	112	100	19	16	3	96	60	36	17	17	-	43	24	19	54	36	18	4	3	1	6	6	-	5	4	1	3	-	3	15	10	5	2	1	1
2018	금천구	시흥2동	1,127	666	461	526	302	224	128	75	53	112	72	40	164	99	65	8	5	3	62	38	24	16	13	3	29	18	11	51	25	26	6	4	2	9	6	3	9	7	2	1	1	-	4	1	3	2	-	2
2018	금천구	시흥3동	541	319	222	247	142	105	53	32	21	48	29	19	78	52	26	6	4	2	36	24	12	6	5	1	23	6	17	26	15	11	2	1	1	4	4	-	-	-	-	1	-	1	4	1	3	7	4	3
2018	금천구	시흥4동	1,065	647	418	488	288	200	108	70	38	125	76	49	165	93	72	3	1	2	78	46	32	11	11	-	30	18	12	34	25	9	5	3	2	3	3	-	4	3	1	2	2	-	7	6	1	2	2	-
2018	금천구	시흥5동	1,182	675	507	573	343	230	99	52	47	135	73	62	149	76	73	9	8	1	86	53	33	6	6	-	51	26	25	43	19	24	-	-	-	6	5	1	8	4	4	-	-	-	9	4	5	8	6	2
2018	영등포구	소계	14,405	8,588	5,817	6,707	3,890	2,817	1,495	928	567	1,583	974	609	2,078	1,187	891	120	87	33	840	526	314	174	148	26	443	241	202	632	390	242	29	17	12	62	46	16	78	55	23	17	12	5	114	69	45	33	18	15
2018	영등포구	여의동	768	454	314	318	162	156	99	62	37	90	52	38	97	58	39	5	4	1	42	32	10	26	20	6	17	13	4	46	30	16	1	-	1	4	4	-	11	9	2	1	-	1	10	7	3	1	1	-
2018	영등포구	당산1동	805	477	328	382	221	161	81	42	39	98	59	39	117	70	47	7	2	5	37	28	9	12	10	2	24	15	9	28	17	11	3	3	-	5	4	1	1	1	-	2	2	-	6	3	3	2	-	2
2018	영등포구	당산2동	929	538	391	435	243	192	98	50	48	119	74	45	134	85	49	12	10	2	38	23	15	11	9	2	27	13	14	31	18	13	4	2	2	1	-	1	10	4	6	1	1	-	7	5	2	1	1	-
2018	영등포구	양평1동	734	422	312	374	219	155	70	44	26	78	44	34	98	50	48	7	7	-	41	21	20	6	4	2	17	9	8	28	13	15	1	1	-	3	-	3	2	2	-	-	-	-	7	6	1	2	2	-
2018	영등포구	양평2동	636	385	251	315	182	133	70	41	29	60	35	25	75	45	30	7	5	2	37	29	8	9	9	-	15	9	6	32	18	14	1	-	1	4	3	1	6	5	1	1	1	-	4	3	1	-	-	-
2018	영등포구	신길1동	816	463	353	383	200	183	72	52	20	94	59	35	137	77	60	7	5	2	39	21	18	8	8	-	29	11	18	34	23	11	-	-	-	2	2	-	4	1	3	-	-	-	7	4	3	-	-	-
2018	영등포구	신길3동	797	471	326	352	207	145	98	60	38	95	57	38	103	63	40	6	4	2	56	32	24	7	7	-	33	15	18	30	14	16	1	1	-	1	1	-	2	2	-	1	1	-	8	6	2	4	1	3
2018	영등포구	신길4동	533	293	240	251	133	118	54	33	21	52	29	23	81	41	40	-	-	-	38	20	18	1	1	-	16	10	6	23	17	6	1	1	-	5	3	2	3	3	-	1	1	-	6	1	5	1	-	1
2018	영등포구	신길5동	554	316	238	250	134	116	66	37	29	53	32	21	90	53	37	3	3	-	39	26	13	5	4	1	20	10	10	17	10	7	-	-	-	3	2	1	2	1	1	-	-	-	3	2	1	3	2	1
2018	영등포구	신길6동	782	430	352	345	187	158	95	53	42	80	42	38	98	54	44	5	3	2	61	38	23	17	15	2	25	11	14	39	18	21	1	-	1	4	2	2	5	3	2	1	1	-	6	3	3	-	-	-
2018	영등포구	신길7동	492	277	215	216	117	99	46	27	19	63	37	26	68	39	29	7	2	5	35	17	18	10	9	1	15	5	10	16	14	2	1	1	-	5	4	1	3	1	2	1	1	-	5	3	2	1	-	1
2018	영등포구	대림1동	760	456	304	336	202	134	76	41	35	83	49	34	132	76	56	6	6	-	41	30	11	4	4	-	29	14	15	41	29	12	-	-	-	1	1	-	-	-	-	-	-	-	6	2	4	5	2	3
2018	영등포구	대림2동	709	432	277	349	220	129	60	36	24	60	34	26	122	70	52	7	6	1	45	24	21	7	6	1	17	8	9	35	23	12	1	1	-	-	-	-	2	2	-	-	-	-	2	1	1	2	1	1
2018	영등포구	대림3동	1,132	683	449	552	325	227	111	78	33	114	76	38	173	86	87	12	8	4	65	37	28	11	10	1	28	16	12	45	34	11	2	1	1	5	3	2	5	5	-	3	1	2	5	2	3	1	1	-
2018	영등포구	영등포본동	1,058	653	405	470	291	179	108	77	31	131	80	51	151	90	61	7	5	2	59	37	22	12	8	4	30	13	17	55	30	25	5	1	4	4	3	1	5	3	2	4	2	2	13	9	4	4	4	-
2018	영등포구	영등포동	1,068	743	325	482	326	156	110	75	35	109	87	22	152	96	56	10	10	-	73	54	19	6	3	3	54	39	15	47	33	14	1	1	-	8	8	-	7	5	2	-	-	-	5	4	1	4	2	2
2018	영등포구	도림동	908	530	378	435	256	179	76	42	34	111	67	44	130	69	61	7	4	3	52	30	22	9	9	-	25	17	8	44	23	21	3	1	2	4	3	1	1	1	-	1	1	-	9	6	3	1	1	-
2018	영등포구	문래동	923	565	358	461	265	196	105	78	27	93	61	32	120	65	55	5	3	2	42	27	15	13	12	1	22	13	9	41	26	15	3	3	-	3	3	-	9	7	2	-	-	-	5	2	3	1	-	1
2018	영등포구	기타	1	-	1	1	-	1	-	-	-	-	-	-	-	-	-	-	-	-	-	-	-	-	-	-	-	-	-	-	-	-	-	-	-	-	-	-	-	-	-	-	-	-	-	-	-	-	-	-
2018	동작구	소계	14,691	8,441	6,250	6,601	3,654	2,947	1,588	914	674	1,605	989	616	2,098	1,172	926	149	107	42	887	545	342	216	183	33	517	258	259	648	359	289	46	29	17	67	53	14	105	78	27	10	7	3	108	71	37	46	22	24
2018	동작구	노량진2동	666	375	291	289	152	137	74	45	29	82	47	35	91	51	40	5	4	1	55	32	23	2	2	-	29	16	13	30	20	10	-	-	-	2	2	-	2	1	1	-	-	-	1	-	1	4	3	1
2018	동작구	상도1동	1,556	888	668	664	378	286	170	101	69	209	125	84	227	121	106	16	12	4	83	45	38	24	21	3	47	20	27	68	34	34	6	5	1	6	6	-	14	11	3	1	1	-	14	6	8	7	2	5
2018	동작구	상도2동	951	539	412	422	241	181	102	53	49	98	61	37	141	77	64	13	7	6	62	35	27	14	10	4	39	18	21	33	18	15	4	3	1	8	6	2	10	7	3	1	1	-	3	2	1	1	-	1
2018	동작구	상도3동	1,138	661	477	536	302	234	127	68	59	112	78	34	154	86	68	12	11	1	74	43	31	15	13	2	41	20	21	45	25	20	6	3	3	1	-	1	7	6	1	1	1	-	7	5	2	-	-	-
2018	동작구	상도4동	1,306	779	527	566	316	250	123	76	47	146	90	56	242	156	86	13	7	6	81	57	24	25	22	3	43	15	28	45	24	21	2	1	1	4	3	1	8	6	2	-	-	-	5	5	-	3	1	2
2018	동작구	사당1동	797	475	322	349	197	152	77	49	28	92	54	38	102	62	40	10	8	2	43	26	17	14	11	3	36	19	17	37	20	17	5	3	2	7	6	1	8	7	1	2	1	1	10	8	2	5	4	1
2018	동작구	사당3동	815	480	335	378	206	172	90	64	26	68	45	23	121	71	50	10	8	2	45	26	19	19	17	2	24	11	13	34	16	18	2	2	-	6	4	2	8	3	5	2	1	1	6	5	1	2	1	1
2018	동작구	사당4동	560	315	245	258	144	114	56	30	26	76	42	34	74	39	35	1	1	-	31	19	12	7	5	2	14	8	6	29	17	12	3	2	1	3	3	-	3	2	1	-	-	-	3	2	1	2	1	1
2018	동작구	사당5동	503	291	212	218	123	95	64	33	31	63	42	21	56	31	25	4	4	-	21	10	11	15	13	2	21	10	11	26	14	12	1	-	1	2	2	-	6	5	1	-	-	-	6	4	2	-	-	-
2018	동작구	대방동	1,605	911	694	732	410	322	175	96	79	159	98	61	208	106	102	14	9	5	125	74	51	13	11	2	64	34	30	76	48	28	5	3	2	7	5	2	5	4	1	-	-	-	13	8	5	9	5	4
2018	동작구	신대방1동	820	479	341	364	211	153	100	55	45	83	52	31	112	60	52	6	5	1	57	39	18	17	16	1	23	10	13	38	18	20	2	2	-	3	3	-	6	6	-	1	-	1	5	2	3	3	-	3
2018	동작구	신대방2동	720	428	292	343	198	145	87	47	40	62	38	24	102	56	46	10	9	1	37	25	12	14	13	1	17	9	8	31	22	9	1	-	1	4	2	2	3	3	-	1	1	-	4	3	1	4	2	2
2018	동작구	흑석동	1,098	603	495	519	264	255	110	68	42	104	62	42	147	73	74	14	6	8	64	46	18	10	8	2	48	31	17	53	24	29	3	3	-	6	4	2	9	5	4	-	-	-	10	8	2	1	1	-
2018	동작구	노량진1동	1,263	727	536	573	311	262	137	77	60	136	88	48	182	111	71	14	10	4	70	42	28	12	9	3	50	28	22	52	26	26	3	-	3	5	5	-	10	8	2	1	1	-	14	9	5	4	2	2
2018	동작구	사당2동	893	490	403	390	201	189	96	52	44	115	67	48	139	72	67	7	6	1	39	26	13	15	12	3	21	9	12	51	33	18	3	2	1	3	2	1	6	4	2	-	-	-	7	4	3	1	-	1
2018	관악구	소계	20,264	11,929	8,335	9,424	5,359	4,065	2,042	1,250	792	2,298	1,415	883	2,551	1,489	1,062	153	119	34	1,308	805	503	231	194	37	871	443	428	919	546	373	54	36	18	97	76	21	102	72	30	15	8	7	137	83	54	62	34	28
2018	관악구	보라매동	1,108	616	492	503	274	229	131	72	59	129	73	56	128	72	56	9	5	4	81	45	36	19	16	3	41	17	24	50	31	19	2	1	1	3	2	1	2	1	1	1	-	1	6	5	1	3	2	1
2018	관악구	청림동	679	397	282	303	163	140	82	46	36	77	45	32	92	47	45	5	4	1	35	28	7	11	11	-	25	16	9	32	23	9	-	-	-	4	4	-	7	6	1	-	-	-	4	3	1	2	1	1
2018	관악구	행운동	1,097	651	446	495	286	209	114	58	56	120	91	29	157	90	67	9	8	1	68	42	26	8	4	4	58	29	29	47	31	16	2	-	2	6	6	-	4	1	3	-	-	-	6	3	3	3	2	1
2018	관악구	낙성대동	475	253	222	231	128	103	56	28	28	45	23	22	65	33	32	3	3	-	23	9	14	6	6	-	17	10	7	19	5	14	1	1	-	3	3	-	2	2	-	-	-	-	4	2	2	-	-	-
2018	관악구	중앙동	597	335	262	295	153	142	61	38	23	73	45	28	75	45	30	5	3	2	38	21	17	6	5	1	15	8	7	16	8	8	1	1	-	2	2	-	4	3	1	-	-	-	4	1	3	2	2	-
2018	관악구	인헌동	901	504	397	438	240	198	81	50	31	84	47	37	138	66	72	3	3	-	50	32	18	8	8	-	39	21	18	42	24	18	6	5	1	3	2	1	6	4	2	-	-	-	3	2	1	-	-	-
2018	관악구	남현동	566	327	239	266	145	121	61	36	25	52	30	22	65	40	25	4	3	1	33	19	14	8	6	2	30	18	12	34	22	12	-	-	-	4	3	1	2	1	1	-	-	-	6	4	2	1	-	1
2018	관악구	서원동	847	509	338	386	233	153	84	52	32	115	69	46	106	54	52	9	5	4	48	34	14	7	6	1	22	13	9	40	20	20	2	1	1	6	5	1	5	5	-	1	1	-	10	8	2	6	3	3
2018	관악구	신원동	831	477	354	362	199	163	67	45	22	96	51	45	114	58	56	9	7	2	60	40	20	8	8	-	51	27	24	45	29	16	1	1	-	3	2	1	7	5	2	1	-	1	5	4	1	2	1	1
2018	관악구	서림동	869	540	329	417	246	171	80	56	24	96	64	32	99	65	34	7	6	1	61	36	25	9	9	-	47	20	27	31	20	11	1	1	-	6	5	1	5	4	1	1	-	1	9	8	1	-	-	-
2018	관악구	신사동	904	555	349	435	260	175	81	46	35	107	68	39	105	65	40	4	3	1	72	40	32	8	6	2	38	28	10	38	28	10	1	1	-	5	3	2	2	2	-	-	-	-	5	3	2	3	2	1
2018	관악구	신림동	541	323	218	244	137	107	63	35	28	89	68	21	64	38	26	2	-	2	26	15	11	5	5	-	10	5	5	26	12	14	-	-	-	3	3	-	3	2	1	-	-	-	2	-	2	4	3	1
2018	관악구	난향동	710	422	288	324	196	128	71	48	23	76	40	36	96	58	38	8	6	2	49	27	22	14	10	4	18	5	13	37	20	17	1	1	-	3	3	-	3	2	1	1	-	1	6	4	2	3	2	1
2018	관악구	조원동	736	474	262	345	210	135	71	45	26	90	62	28	100	68	32	9	9	-	44	29	15	7	5	2	21	12	9	35	26	9	2	1	1	2	1	1	2	1	1	1	1	-	7	4	3	-	-	-
2018	관악구	대학동	717	453	264	338	204	134	54	36	18	91	60	31	72	50	22	5	4	1	36	18	18	11	9	2	53	34	19	34	22	12	3	2	1	2	2	-	8	6	2	1	1	-	6	4	2	3	1	2
2018	관악구	은천동	1,719	1,017	702	794	454	340	191	115	76	203	132	71	205	124	81	12	9	3	116	76	40	21	18	3	75	36	39	73	35	38	7	5	2	7	6	1	6	3	3	-	-	-	4	3	1	5	1	4
2018	관악구	성현동	1,525	877	648	736	402	334	150	100	50	171	101	70	170	97	73	7	5	2	108	67	41	19	15	4	65	32	33	62	37	25	3	1	2	5	4	1	9	6	3	2	1	1	10	3	7	8	6	2
2018	관악구	청룡동	921	552	369	430	243	187	82	55	27	106	67	39	124	78	46	5	4	1	58	37	21	7	6	1	44	21	23	42	27	15	5	2	3	4	3	1	6	5	1	1	1	-	7	3	4	-	-	-
2018	관악구	난곡동	1,588	940	648	692	398	294	156	100	56	190	121	69	198	114	84	13	10	3	122	75	47	14	11	3	74	36	38	76	45	31	5	3	2	15	8	7	5	2	3	2	1	1	16	10	6	10	6	4
2018	관악구	삼성동	1,528	866	662	726	406	320	152	88	64	133	68	65	203	118	85	12	11	1	103	64	39	17	14	3	81	39	42	71	37	34	6	5	1	4	3	1	6	6	-	1	1	-	7	4	3	6	2	4
2018	관악구	미성동	1,405	841	564	664	382	282	154	101	53	155	90	65	175	109	66	13	11	2	77	51	26	18	16	2	47	16	31	69	44	25	5	4	1	7	6	1	8	5	3	2	1	1	10	5	5	1	-	1
2018	서초구	소계	10,581	6,199	4,382	4,498	2,520	1,978	1,295	746	549	1,192	748	444	1,336	762	574	91	68	23	723	463	260	259	211	48	350	156	194	534	318	216	29	19	10	61	41	20	114	86	28	3	3	-	73	47	26	23	11	12
2018	서초구	서초1동	472	276	196	191	109	82	73	35	38	47	31	16	58	33	25	3	2	1	26	19	7	13	12	1	21	6	15	24	15	9	-	-	-	3	2	1	8	8	-	-	-	-	3	2	1	2	2	-
2018	서초구	서초2동	298	177	121	116	64	52	38	23	15	38	24	14	45	25	20	4	4	-	16	10	6	11	10	1	12	7	5	12	6	6	1	1	-	-	-	-	1	1	-	-	-	-	1	1	-	3	1	2
2018	서초구	서초3동	699	417	282	284	162	122	77	43	34	86	58	28	97	59	38	9	8	1	42	27	15	22	17	5	22	11	11	39	17	22	1	-	1	7	5	2	5	4	1	1	1	-	6	5	1	1	-	1
2018	서초구	서초4동	453	267	186	189	96	93	60	36	24	53	38	15	48	29	19	7	6	1	27	18	9	18	15	3	5	2	3	29	16	13	3	1	2	3	2	1	5	3	2	-	-	-	6	5	1	-	-	-
2018	서초구	잠원동	609	364	245	262	144	118	88	48	40	67	45	22	71	47	24	4	2	2	32	18	14	25	21	4	17	9	8	26	17	9	-	-	-	2	2	-	4	4	-	-	-	-	9	5	4	2	2	-
2018	서초구	반포본동	200	125	75	93	55	38	27	17	10	17	12	5	24	14	10	1	1	-	12	9	3	7	7	-	1	1	-	14	7	7	-	-	-	2	1	1	2	1	1	-	-	-	-	-	-	-	-	-
2018	서초구	반포1동	532	294	238	247	135	112	64	30	34	59	35	24	62	33	29	4	4	-	27	16	11	9	7	2	15	10	5	28	14	14	1	-	1	5	3	2	3	2	1	-	-	-	6	4	2	2	1	1
2018	서초구	반포2동	254	135	119	109	56	53	34	19	15	29	17	12	34	14	20	2	1	1	9	4	5	9	6	3	8	5	3	14	8	6	1	1	-	1	1	-	3	3	-	-	-	-	1	-	1	-	-	-
2018	서초구	반포3동	326	187	139	131	66	65	46	28	18	30	19	11	49	27	22	3	2	1	16	11	5	12	10	2	7	3	4	23	14	9	3	1	2	1	1	-	4	4	-	-	-	-	1	1	-	-	-	-
2018	서초구	반포4동	364	211	153	150	84	66	43	23	20	36	23	13	50	30	20	5	2	3	25	14	11	7	6	1	12	3	9	20	15	5	1	1	-	2	2	-	8	6	2	1	1	-	4	1	3	-	-	-
2018	서초구	방배본동	469	278	191	199	113	86	61	33	28	60	34	26	61	37	24	3	2	1	24	17	7	8	7	1	16	8	8	26	18	8	-	-	-	1	1	-	9	8	1	-	-	-	-	-	-	1	-	1
2018	서초구	방배1동	464	275	189	205	109	96	49	33	16	67	44	23	63	36	27	5	4	1	20	12	8	5	5	-	12	5	7	24	18	6	-	-	-	1	-	1	6	5	1	-	-	-	5	3	2	2	1	1
2018	서초구	방배2동	756	445	311	343	200	143	85	59	26	86	51	35	103	62	41	8	4	4	47	26	21	7	5	2	23	13	10	32	10	22	2	1	1	2	2	-	8	5	3	-	-	-	9	7	2	1	-	1
2018	서초구	방배3동	603	349	254	248	139	109	76	45	31	64	38	26	77	45	32	3	2	1	40	24	16	15	13	2	21	6	15	37	21	16	3	3	-	5	3	2	5	3	2	1	1	-	8	6	2	-	-	-
2018	서초구	방배4동	616	372	244	257	158	99	77	40	37	93	60	33	78	51	27	7	7	-	27	12	15	9	4	5	18	9	9	31	19	12	3	2	1	5	3	2	9	5	4	-	-	-	1	1	-	1	1	-
2018	서초구	양재1동	1,940	1,085	855	849	477	372	230	128	102	192	117	75	227	107	120	16	10	6	156	86	70	39	32	7	95	42	53	92	58	34	6	4	2	11	8	3	12	9	3	-	-	-	9	5	4	6	2	4
2018	서초구	양재2동	674	415	259	304	173	131	84	56	28	66	43	23	93	58	35	5	5	-	41	26	15	12	9	3	17	9	8	32	22	10	3	3	-	3	2	1	11	8	3	-	-	-	2	1	1	1	-	1
2018	서초구	내곡동	852	527	325	321	180	141	83	50	33	102	59	43	96	55	41	2	2	-	136	114	22	31	25	6	28	7	21	31	23	8	1	1	-	7	3	4	11	7	4	-	-	-	2	-	2	1	1	-
2018	강남구	소계	15,327	8,799	6,528	6,449	3,621	2,828	1,749	1,022	727	1,562	918	644	1,748	916	832	122	86	36	1,026	594	432	555	474	81	857	372	485	804	495	309	55	34	21	110	77	33	131	90	41	18	9	9	92	70	22	49	21	28
2018	강남구	신사동	407	235	172	198	110	88	47	23	24	32	18	14	51	32	19	-	-	-	15	8	7	10	9	1	5	2	3	30	18	12	3	2	1	1	1	-	8	7	1	-	-	-	4	4	-	3	1	2
2018	강남구	논현1동	610	371	239	257	146	111	70	49	21	87	50	37	61	40	21	2	2	-	47	32	15	9	7	2	17	7	10	38	24	14	3	2	1	2	2	-	8	4	4	-	-	-	7	5	2	2	1	1
2018	강남구	논현2동	523	306	217	224	123	101	54	27	27	65	36	29	79	50	29	4	2	2	27	18	9	9	8	1	12	5	7	31	20	11	2	2	-	3	3	-	10	9	1	-	-	-	3	3	-	-	-	-
2018	강남구	삼성1동	292	184	108	131	85	46	39	20	19	26	18	8	34	18	16	5	2	3	16	10	6	14	13	1	6	4	2	16	10	6	-	-	-	1	1	-	2	2	-	1	1	-	1	-	1	-	-	-
2018	강남구	삼성2동	556	354	202	226	148	78	73	47	26	73	48	25	66	36	30	1	1	-	25	17	8	21	17	4	23	14	9	23	11	12	4	1	3	2	1	1	11	8	3	-	-	-	7	5	2	1	-	1
2018	강남구	대치1동	274	169	105	98	54	44	31	14	17	30	18	12	34	24	10	-	-	-	17	9	8	20	18	2	5	4	1	20	14	6	-	-	-	2	1	1	10	7	3	1	-	1	5	5	-	1	1	-
2018	강남구	대치4동	372	207	165	184	105	79	39	22	17	31	16	15	38	16	22	3	1	2	23	16	7	9	7	2	10	2	8	28	17	11	2	1	1	-	-	-	1	-	1	-	-	-	4	4	-	-	-	-
2018	강남구	역삼1동	777	473	304	379	228	151	84	46	38	85	54	31	86	53	33	7	4	3	39	24	15	16	16	-	21	9	12	44	29	15	-	-	-	4	3	1	7	3	4	1	1	-	4	3	1	-	-	-
2018	강남구	역삼2동	662	389	273	294	161	133	76	41	35	77	51	26	66	41	25	5	3	2	34	23	11	18	15	3	23	12	11	54	34	20	1	-	1	3	2	1	5	3	2	1	-	1	5	3	2	-	-	-
2018	강남구	도곡1동	440	253	187	171	88	83	66	47	19	43	26	17	56	28	28	4	1	3	38	24	14	14	11	3	11	6	5	26	16	10	-	-	-	3	3	-	3	3	-	1	-	1	3	-	3	1	-	1
2018	강남구	도곡2동	479	297	182	210	125	85	69	45	24	49	31	18	54	26	28	2	2	-	19	11	8	19	18	1	10	6	4	30	23	7	1	1	-	3	2	1	7	2	5	-	-	-	6	5	1	-	-	-
2018	강남구	개포1동	267	165	102	116	67	49	34	20	14	21	11	10	37	25	12	2	2	-	19	13	6	6	6	-	10	5	5	10	8	2	-	-	-	2	1	1	4	3	1	-	-	-	5	3	2	1	1	-
2018	강남구	개포4동	520	309	211	210	125	85	60	39	21	60	42	18	57	28	29	6	4	2	41	21	20	22	17	5	21	8	13	28	15	13	3	1	2	5	2	3	2	2	-	-	-	-	3	3	-	2	2	-
2018	강남구	일원본동	722	333	389	213	122	91	61	36	25	43	28	15	59	30	29	5	5	-	71	17	54	79	66	13	145	3	142	31	19	12	3	1	2	5	2	3	5	3	2	-	-	-	-	-	-	2	1	1
2018	강남구	일원1동	1,093	602	491	450	242	208	117	65	52	99	57	42	119	58	61	12	8	4	77	35	42	42	35	7	95	51	44	50	28	22	3	2	1	10	7	3	5	3	2	2	1	1	10	9	1	2	1	1
2018	강남구	일원2동	1,173	603	570	443	218	225	133	70	63	117	59	58	174	59	115	6	4	2	94	61	33	45	37	8	86	50	36	43	25	18	2	2	-	16	12	4	1	1	-	3	1	2	2	1	1	8	3	5
2018	강남구	수서동	2,174	1,193	981	915	498	417	211	130	81	215	114	101	211	90	121	16	12	4	154	91	63	36	30	6	242	128	114	109	63	46	8	5	3	22	14	8	1	-	1	5	3	2	9	7	2	20	8	12
2018	강남구	세곡동	1,988	1,172	816	870	488	382	240	137	103	199	116	83	222	135	87	20	15	5	139	85	54	82	66	16	82	44	38	86	55	31	8	5	3	15	11	4	10	6	4	3	2	1	7	5	2	5	2	3
2018	강남구	압구정동	479	272	207	203	110	93	56	40	16	49	29	20	68	28	40	3	3	-	30	16	14	18	18	-	9	1	8	31	20	11	3	1	2	1	1	-	7	5	2	-	-	-	1	-	1	-	-	-
2018	강남구	청담동	565	329	236	244	136	108	67	43	24	66	34	32	65	37	28	6	5	1	40	25	15	16	13	3	9	3	6	32	17	15	3	3	-	3	2	1	10	8	2	-	-	-	4	3	1	-	-	-
2018	강남구	대치2동	641	400	241	264	150	114	86	48	38	62	42	20	69	40	29	12	9	3	45	32	13	38	36	2	12	5	7	32	22	10	3	2	1	6	5	1	9	7	2	-	-	-	2	2	-	1	-	1
2018	강남구	개포2동	312	182	130	149	92	57	36	13	23	33	20	13	42	22	20	1	1	-	16	6	10	11	10	1	3	3	-	12	7	5	3	3	-	1	1	-	5	4	1	-	-	-	-	-	-	-	-	-
2018	강남구	기타	1	1	-	-	-	-	-	-	-	-	-	-	-	-	-	-	-	-	-	-	-	1	1	-	-	-	-	-	-	-	-	-	-	-	-	-	-	-	-	-	-	-	-	-	-	-	-	-
2018	송파구	소계	20,008	11,837	8,171	9,050	5,126	3,924	2,201	1,322	879	2,043	1,283	760	2,300	1,248	1,052	165	121	44	1,499	928	571	588	513	75	646	346	300	950	550	400	60	38	22	117	84	33	173	138	35	13	8	5	146	92	54	57	40	17
2018	송파구	풍납1동	697	401	296	299	164	135	79	52	27	76	45	31	107	58	49	4	2	2	43	26	17	17	14	3	25	12	13	35	21	14	-	-	-	3	2	1	2	1	1	1	-	1	4	3	1	2	1	1
2018	송파구	풍납2동	811	495	316	361	208	153	93	62	31	80	47	33	95	60	35	10	7	3	59	37	22	23	22	1	31	16	15	36	18	18	4	3	1	4	3	1	7	6	1	1	1	-	4	2	2	3	3	-
2018	송파구	거여1동	610	368	242	316	194	122	49	31	18	64	39	25	69	34	35	6	5	1	49	32	17	13	11	2	12	4	8	24	11	13	-	-	-	3	3	-	2	2	-	-	-	-	1	-	1	2	2	-
2018	송파구	거여2동	941	562	379	357	190	167	85	56	29	83	56	27	92	49	43	6	6	-	210	134	76	27	24	3	31	16	15	25	15	10	2	1	1	10	8	2	7	3	4	2	1	1	2	1	1	2	2	-
2018	송파구	마천1동	1,228	707	521	576	317	259	122	75	47	125	68	57	157	84	73	13	12	1	81	49	32	33	29	4	38	21	17	48	27	21	1	1	-	12	8	4	9	8	1	-	-	-	7	6	1	6	2	4
2018	송파구	마천2동	1,216	697	519	594	343	251	120	73	47	125	73	52	148	73	75	11	7	4	73	45	28	12	10	2	54	34	20	52	22	30	3	1	2	10	6	4	1	1	-	1	1	-	7	6	1	5	2	3
2018	송파구	방이1동	431	259	172	190	116	74	47	25	22	46	30	16	54	36	18	3	2	1	30	15	15	13	10	3	14	4	10	21	13	8	3	1	2	1	-	1	6	4	2	-	-	-	2	2	-	1	1	-
2018	송파구	방이2동	795	476	319	394	221	173	96	53	43	82	59	23	77	42	35	12	11	1	41	31	10	17	15	2	29	20	9	29	12	17	2	1	1	4	2	2	4	3	1	1	1	-	6	4	2	1	1	-
2018	송파구	오륜동	310	175	135	131	60	71	46	29	17	30	17	13	37	25	12	1	-	1	18	11	7	13	12	1	8	2	6	13	9	4	2	1	1	1	-	1	6	5	1	-	-	-	4	4	-	-	-	-
2018	송파구	오금동	1,415	819	596	624	348	276	159	91	68	148	86	62	146	84	62	17	11	6	108	57	51	52	44	8	40	24	16	70	37	33	3	2	1	9	7	2	18	11	7	-	-	-	16	12	4	5	5	-
2018	송파구	송파1동	687	427	260	299	182	117	93	59	34	88	60	28	73	38	35	4	4	-	40	24	16	15	11	4	29	17	12	30	20	10	2	2	-	2	2	-	6	5	1	-	-	-	5	3	2	1	-	1
2018	송파구	송파2동	518	311	207	231	129	102	53	31	22	56	35	21	46	19	27	4	4	-	41	32	9	25	20	5	16	11	5	29	22	7	1	1	-	1	-	1	6	4	2	-	-	-	7	2	5	2	1	1
2018	송파구	석촌동	1,058	635	423	503	302	201	119	71	48	94	66	28	123	65	58	7	4	3	70	40	30	19	17	2	42	24	18	50	24	26	5	2	3	4	4	-	12	10	2	3	2	1	6	3	3	1	1	-
2018	송파구	삼전동	969	575	394	452	265	187	119	67	52	98	54	44	111	60	51	6	5	1	44	32	12	20	18	2	43	21	22	47	29	18	3	2	1	4	4	-	11	10	1	1	1	-	8	5	3	2	2	-
2018	송파구	가락본동	746	469	277	357	216	141	81	45	36	75	54	21	72	46	26	4	4	-	40	26	14	20	17	3	25	15	10	49	29	20	1	1	-	6	5	1	6	4	2	-	-	-	8	5	3	2	2	-
2018	송파구	가락1동	14	8	6	7	5	2	1	-	1	2	1	1	2	1	1	-	-	-	1	-	1	1	1	-	-	-	-	-	-	-	-	-	-	-	-	-	-	-	-	-	-	-	-	-	-	-	-	-
2018	송파구	가락2동	926	552	374	412	229	183	94	67	27	118	66	52	101	55	46	8	6	2	69	40	29	29	26	3	23	15	8	47	30	17	2	1	1	6	4	2	6	5	1	1	-	1	8	7	1	2	1	1
2018	송파구	문정1동	598	339	259	257	130	127	64	39	25	46	26	20	70	39	31	10	9	1	68	40	28	20	18	2	14	4	10	33	20	13	3	3	-	4	4	-	2	2	-	-	-	-	1	1	-	6	4	2
2018	송파구	문정2동	525	323	202	239	144	95	56	35	21	46	31	15	66	34	32	7	5	2	30	18	12	19	18	1	5	3	2	25	13	12	3	1	2	10	7	3	14	11	3	-	-	-	5	3	2	-	-	-
2018	송파구	장지동	1,489	890	599	650	367	283	169	95	74	141	94	47	166	94	72	6	2	4	142	93	49	67	61	6	56	22	34	64	46	18	4	3	1	6	5	1	1	1	-	1	1	-	13	5	8	3	1	2
2018	송파구	위례동	752	426	326	336	197	139	80	42	38	83	47	36	90	47	43	7	2	5	57	28	29	25	19	6	15	10	5	47	26	21	1	-	1	3	2	1	2	1	1	-	-	-	4	3	1	2	2	-
2018	송파구	잠실본동	842	487	355	384	211	173	98	61	37	92	61	31	97	49	48	7	5	2	39	32	7	12	10	2	40	17	23	47	25	22	2	2	-	5	3	2	7	5	2	-	-	-	11	5	6	1	1	-
2018	송파구	잠실4동	597	354	243	267	148	119	65	39	26	52	35	17	67	34	33	2	2	-	37	19	18	30	28	2	17	10	7	38	22	16	2	1	1	2	1	1	11	10	1	-	-	-	5	3	2	2	2	-
2018	송파구	잠실6동	357	218	139	141	74	67	49	31	18	43	29	14	52	30	22	3	2	1	18	12	6	12	12	-	10	8	2	17	13	4	2	-	2	-	-	-	3	3	-	-	-	-	6	3	3	1	1	-
2018	송파구	잠실7동	200	125	75	92	46	46	27	18	9	15	14	1	26	15	11	-	-	-	11	8	3	6	6	-	3	1	2	11	8	3	3	3	-	-	-	-	4	4	-	-	-	-	2	2	-	-	-	-
2018	송파구	잠실2동	564	327	237	257	145	112	64	34	30	58	36	22	66	30	36	3	2	1	35	21	14	31	25	6	5	3	2	30	21	9	-	-	-	5	3	2	6	6	-	1	-	1	1	-	1	2	1	1
2018	송파구	잠실3동	712	412	300	324	175	149	73	41	32	77	54	23	90	47	43	4	2	2	45	26	19	17	15	2	21	12	9	33	17	16	6	5	1	2	1	1	14	13	1	-	-	-	3	2	1	3	2	1
2018	강동구	소계	17,380	10,442	6,938	7,993	4,682	3,311	1,923	1,148	775	1,815	1,140	675	2,023	1,160	863	164	118	46	1,315	827	488	387	330	57	566	307	259	744	455	289	44	25	19	89	69	20	119	82	37	20	9	11	121	65	56	57	25	32
2018	강동구	강일동	1,493	853	640	704	377	327	187	106	81	160	101	59	171	94	77	12	6	6	113	70	43	36	34	2	26	17	9	50	22	28	4	2	2	7	6	1	6	5	1	2	1	1	9	7	2	6	5	1
2018	강동구	상일동	485	284	201	206	127	79	73	37	36	40	29	11	60	30	30	5	3	2	50	31	19	12	8	4	10	4	6	20	11	9	-	-	-	3	2	1	3	1	2	-	-	-	3	1	2	-	-	-
2018	강동구	명일1동	779	456	323	338	190	148	90	45	45	69	47	22	94	48	46	10	6	4	69	42	27	18	18	-	26	18	8	42	25	17	2	2	-	5	5	-	8	6	2	-	-	-	6	4	2	2	-	2
2018	강동구	명일2동	468	277	191	202	117	85	40	21	19	55	34	21	64	37	27	8	6	2	37	21	16	12	9	3	10	8	2	20	13	7	2	-	2	3	3	-	5	4	1	-	-	-	8	3	5	2	1	1
2018	강동구	고덕1동	773	468	305	358	224	134	90	52	38	82	47	35	75	39	36	9	8	1	57	34	23	35	32	3	12	5	7	32	19	13	3	-	3	2	1	1	8	4	4	-	-	-	8	2	6	2	1	1
2018	강동구	고덕2동	551	329	222	197	103	94	54	31	23	47	26	21	43	23	20	3	3	-	145	105	40	9	8	1	27	13	14	15	10	5	2	2	-	2	2	-	2	1	1	-	-	-	2	1	1	3	1	2
2018	강동구	암사2동	480	275	205	213	124	89	62	35	27	56	29	27	55	36	19	2	-	2	35	23	12	10	9	1	12	5	7	24	11	13	2	-	2	3	-	3	-	-	-	-	-	-	4	2	2	2	1	1
2018	강동구	암사3동	556	321	235	269	151	118	63	37	26	45	28	17	50	30	20	6	4	2	59	34	25	20	16	4	10	3	7	21	10	11	3	2	1	3	2	1	5	3	2	-	-	-	2	1	1	-	-	-
2018	강동구	천호1동	1,414	852	562	630	372	258	172	108	64	125	82	43	166	93	73	20	14	6	109	59	50	34	32	2	63	35	28	63	40	23	5	3	2	8	6	2	4	3	1	3	1	2	8	3	5	4	1	3
2018	강동구	천호3동	1,337	800	537	632	366	266	136	80	56	156	99	57	162	98	64	15	13	2	85	56	29	17	15	2	56	23	33	53	38	15	2	1	1	7	4	3	4	2	2	3	-	3	8	4	4	1	1	-
2018	강동구	성내1동	652	395	257	289	167	122	84	53	31	75	42	33	78	41	37	7	6	1	34	24	10	20	16	4	9	6	3	37	26	11	1	1	-	4	4	-	8	5	3	1	1	-	2	1	1	3	2	1
2018	강동구	성내2동	1,120	686	434	539	331	208	107	65	42	109	76	33	150	87	63	5	2	3	65	44	21	19	15	4	50	18	32	47	29	18	2	2	-	4	3	1	7	5	2	3	2	1	11	6	5	2	1	1
2018	강동구	성내3동	876	543	333	421	272	149	94	59	35	92	50	42	103	62	41	10	9	1	48	30	18	19	14	5	31	17	14	31	16	15	2	-	2	5	5	-	10	5	5	1	-	1	5	4	1	4	-	4
2018	강동구	둔촌1동	7	4	3	5	3	2	1	1	-	-	-	-	-	-	-	-	-	-	-	-	-	-	-	-	1	-	1	-	-	-	-	-	-	-	-	-	-	-	-	-	-	-	-	-	-	-	-	-
2018	강동구	둔촌2동	956	577	379	437	251	186	103	64	39	85	53	32	122	72	50	7	6	1	62	39	23	21	18	3	32	17	15	63	45	18	1	1	-	3	2	1	8	4	4	-	-	-	8	4	4	4	1	3
2018	강동구	암사1동	1,661	1,010	651	775	455	320	186	109	77	197	124	73	170	93	77	14	8	6	117	77	40	30	26	4	60	38	22	70	51	19	3	1	2	7	7	-	12	9	3	3	2	1	13	9	4	4	1	3
2018	강동구	천호2동	1,807	1,099	708	860	504	356	174	111	63	212	136	76	217	127	90	19	17	2	110	65	45	36	29	7	57	34	23	64	40	24	6	5	1	11	9	2	13	10	3	3	2	1	14	5	9	11	5	6
2018	강동구	길동	1,965	1,213	752	918	548	370	207	134	73	210	137	73	243	150	93	12	7	5	120	73	47	39	31	8	74	46	28	92	49	43	4	3	1	12	8	4	16	15	1	1	-	1	10	8	2	7	4	3